-0.3792863
-0.3790031
-0.3784611
-0.3798549
-0.3788737
-0.3754205
-0.3754205
-0.3751112
-0.3745948
-0.3748787
-0.3747758
-0.3757549
-0.377173
-0.37830644999999996
-0.3802149
-0.3821495
-0.38465415000000003
-0.389318
-0.3934695
-0.3960314
-0.40033135
99
-0.3698056
-0.36852
-0.36812049999999996
-0.3677998
-0.3688026
-0.3692788
-0.3715821
-0.37462115
-0.3762452
-0.3787443
-0.3885821
-0.3925115
-0.3947116
-0.40495035
99
-0.40270425
99
-0.3964984
-0.4073607
99
-0.4365319
99
-0.42605170000000003
99
-0.4523187
99
-0.5114983
99
-0.4334488
99
-0.4888115
99
-0.5324742
99
-0.4479673
99
