-16.91737
-16.91591
-16.917365
-16.91602
-16.907719999999998
-16.889345
-16.875155
-16.874290000000002
-16.873714999999997
-16.879649999999998
-16.891945
-16.925114999999998
-16.958075
-17.022889999999997
-17.112965000000003
-17.230890000000002
-17.3887
-17.292495
-17.27556
-17.21242
-17.129055
-17.088079999999998
-17.039895
-16.996765000000003
-16.950764999999997
-16.916605
-16.886090000000003
-16.869695
-16.860545000000002
-16.86149
-16.873534999999997
-16.89974
-16.96414
-17.040255000000002
-17.13713
-17.256394999999998
-17.36459
-16.874585
-16.875335
-16.87687
-16.889159999999997
-16.901835
-16.907045
-16.934375000000003
-16.988120000000002
-17.038294999999998
-17.092495
-17.159675
-17.25027
-17.446745
-17.31573
-17.308315
-17.288725
-17.258274999999998
-17.226745
-17.18555
-17.13729
-17.08697
-17.02591
-16.970305
-16.910355000000003
-16.85915
-16.810000000000002
-16.772930000000002
-16.783015
-16.864355
-16.961415000000002
-17.08873
-17.23341
-17.442259999999997
-16.78357
-15.499435
-14.058354999999999
-12.72753
-18.213085
-53.518265
-22.42732
-22.470335
-22.455375
-22.469535
-23.908034999999998
-25.90383
-25.133285
-24.857779999999998
-24.577825
-24.254089999999998
-23.87039
-23.400475
-22.890125
-22.340290000000003
-21.72016
-21.04308
-20.308815000000003
-17.549464999999998
-16.871295
-16.32797
-15.87805
-15.527660000000001
-15.336455
-15.233995
-15.310839999999999
-15.50037
-15.916730000000001
-16.47832
-15.644155000000001
-15.580195
-16.239885
-17.358415
-17.836185
-17.543065
-17.334865
-16.889735
-16.515594999999998
-16.0629
-15.54989
-15.001485
-14.362
-13.749600000000001
-13.092500000000001
-10.770075
-10.220749999999999
-9.7676035
-9.416197
-9.1524445
-9.112407999999999
-9.1885955
-9.3783095
-9.6961225
-9.1155115
-8.511343499999999
-10.82588
-11.62434
-19.99365
-15.990874999999999
-16.093935000000002
-16.057479999999998
-14.495495000000002
-12.246345000000002
-11.231015
-10.37123
-9.515609999999999
-8.7439355
-8.2301985
-7.5663564999999995
-7.160935
-6.959758000000001
-7.0749315
-7.552115499999999
-7.1044395
-7.090472
-7.069311
-7.0742765
-6.9543845
-6.7166375
-6.032221
-5.6196215
-5.2596065
-4.9927995
-4.7715345
-4.66291
-4.6769575
-4.8644425
-5.297441
-4.6897075
-3.616485
-2.797511
-2.021534
-2.2327525
-2.6902725
-4.5648795
-3.1894275
-5.636172500000001
-3.426608
-3.8504665
-4.442038
-3.4680815000000003
-0.71731135
-1.7365675
-0.34942225
