[0.0, 0.0, 140.5, 0.5000000000000009, -0.8, 0.0]
[0.0, 0.0, 140.5, 0.5000000000000009, -0.8, 0.0]
[-0.0001, 0.0, 140.5, 0.5000000000000009, -0.8, 0.0]
[-0.00030000000000000003, 0.0, 140.5, 0.5000000000000009, -0.8, 0.0]
[-0.0005, 0.0, 140.5, 0.5000000000000009, -0.8, 0.0]
[-0.00075, 0.0, 140.5, 0.5000000000000009, -0.8, 0.0]
[-0.0011, 0.0, 140.5, 0.5000000000000009, -0.8, 0.0]
[-0.0014500000000000001, 0.0, 140.5, 0.5000000000000009, -0.8, 0.0]
[-0.0019, 0.0, 140.5, 0.5000000000000009, -0.8, 0.0]
[-0.00235, 0.0, 140.5, 0.5000000000000009, -0.8, 0.0]
[-0.0029000000000000002, 0.0, 140.5, 0.5000000000000009, -0.8, 0.0]
[-0.00455, 0.0, 140.5, 0.5000000000000009, -0.8, 0.0]
[-0.0053, 0.0, 140.5, 0.5000000000000009, -0.8, 0.0]
[-0.0001, 0.0, 140.5, 0.5000000000000009, -0.8, 0.0]
[5e-05, 0.0, 140.5, 0.5000000000000009, -0.8, 0.0]
[0.0002, 0.0, 140.5, 0.5000000000000009, -0.8, 0.0]
[0.0004, 0.0, 140.5, 0.5000000000000009, -0.8, 0.0]
[0.0006500000000000001, 0.0, 140.5, 0.5000000000000009, -0.8, 0.0]
[0.00095, 0.0, 140.5, 0.5000000000000009, -0.8, 0.0]
[0.0013000000000000002, 0.0, 140.5, 0.5000000000000009, -0.8, 0.0]
[0.0017000000000000001, 0.0, 140.5, 0.5000000000000009, -0.8, 0.0]
[0.00215, 0.0, 140.5, 0.5000000000000009, -0.8, 0.0]
[0.0027, 0.0, 140.5, 0.5000000000000009, -0.8, 0.0]
[0.0032500000000000003, 0.0, 140.5, 0.5000000000000009, -0.8, 0.0]
[0.00385, 0.0, 140.5, 0.5000000000000009, -0.8, 0.0]
[0.00455, 0.0, 140.5, 0.5000000000000009, -0.8, 0.0]
[0.006500000000000001, 0.0, 140.5, 0.5000000000000009, -0.8, 0.0]
[0.0073, 0.0, 140.5, 0.5000000000000009, -0.8, 0.0]
[0.0082, 0.0, 140.5, 0.5000000000000009, -0.8, 0.0]
[0.0091, 0.0, 140.5, 0.5000000000000009, -0.8, 0.0]
[0.01, 0.0, 140.5, 0.5000000000000009, -0.8, 0.0]
[0.0109, 0.0, 140.5, 0.5000000000000009, -0.8, 0.0]
[0.0118, 0.0, 140.5, 0.5000000000000009, -0.8, 0.0]
[0.012700000000000001, 0.0, 140.5, 0.5000000000000009, -0.8, 0.0]
[0.013600000000000001, 0.0, 140.5, 0.5000000000000009, -0.8, 0.0]
[0.014450000000000001, 0.0, 140.5, 0.5000000000000009, -0.8, 0.0]
[0.01535, 0.0, 140.5, 0.5000000000000009, -0.8, 0.0]
[0.01625, 0.0, 140.5, 0.5000000000000009, -0.8, 0.0]
[0.017150000000000002, 0.0, 140.5, 0.5000000000000009, -0.8, 0.0]
[0.018000000000000002, 0.0, 140.5, 0.5000000000000009, -0.8, 0.0]
[0.0189, 0.0, 140.5, 0.5000000000000009, -0.8, 0.0]
[0.01985, 0.0, 140.5, 0.5000000000000009, -0.8, 0.0]
[0.02075, 0.0, 140.5, 0.5000000000000009, -0.8, 0.0]
[0.021650000000000003, 0.0, 140.5, 0.5000000000000009, -0.8, 0.0]
[0.02255, 0.0, 140.5, 0.5000000000000009, -0.8, 0.0]
[0.02495, 0.0, 140.5, 0.5000000000000009, -0.8, 0.0]
[0.00545, 0.0, 140.5, 0.5000000000000009, -0.8, 0.0]
[0.00545, 0.0, 140.5, 0.5000000000000009, -0.8, 0.0]
[0.00545, 0.0, 140.5, 0.5000000000000009, -0.8, 0.0]
[0.00545, 5e-05, 140.5, 0.5000000000000009, -0.8, 0.0]
[0.00545, -0.00025, 140.5, 0.5000000000000009, -0.8, 0.0]
[0.00545, -0.0007, 140.5, 0.5000000000000009, -0.8, 0.0]
[0.00545, -0.0011, 140.5, 0.5000000000000009, -0.8, 0.0]
[0.00545, -0.0014500000000000001, 140.5, 0.5000000000000009, -0.8, 0.0]
[0.00545, -0.0019, 140.5, 0.5000000000000009, -0.8, 0.0]
[0.00545, -0.00235, 140.5, 0.5000000000000009, -0.8, 0.0]
[0.00545, -0.0039000000000000003, 140.5, 0.5000000000000009, -0.8, 0.0]
[0.00545, -0.0046, 140.5, 0.5000000000000009, -0.8, 0.0]
[0.00545, -0.0053, 140.5, 0.5000000000000009, -0.8, 0.0]
[0.00545, -0.0061, 140.5, 0.5000000000000009, -0.8, 0.0]
[0.00545, -5e-05, 140.5, 0.5000000000000009, -0.8, 0.0]
[0.00545, 5e-05, 140.5, 0.5000000000000009, -0.8, 0.0]
[0.00545, 0.0002, 140.5, 0.5000000000000009, -0.8, 0.0]
[0.00545, 0.0004, 140.5, 0.5000000000000009, -0.8, 0.0]
[0.00545, 0.0006500000000000001, 140.5, 0.5000000000000009, -0.8, 0.0]
[0.00545, 0.0009000000000000001, 140.5, 0.5000000000000009, -0.8, 0.0]
[0.00545, 0.0013000000000000002, 140.5, 0.5000000000000009, -0.8, 0.0]
[0.00545, 0.0017000000000000001, 140.5, 0.5000000000000009, -0.8, 0.0]
[0.00545, 0.00215, 140.5, 0.5000000000000009, -0.8, 0.0]
[0.00545, 0.0027, 140.5, 0.5000000000000009, -0.8, 0.0]
[0.00545, 0.0032500000000000003, 140.5, 0.5000000000000009, -0.8, 0.0]
[0.00545, 0.005, 140.5, 0.5000000000000009, -0.8, 0.0]
[0.00545, 0.00575, 140.5, 0.5000000000000009, -0.8, 0.0]
[0.00545, 0.00655, 140.5, 0.5000000000000009, -0.8, 0.0]
[0.00545, 0.00745, 140.5, 0.5000000000000009, -0.8, 0.0]
[0.00545, 0.00835, 140.5, 0.5000000000000009, -0.8, 0.0]
[0.00545, 0.0092, 140.5, 0.5000000000000009, -0.8, 0.0]
[0.00545, 0.010100000000000001, 140.5, 0.5000000000000009, -0.8, 0.0]
[0.00545, 0.011000000000000001, 140.5, 0.5000000000000009, -0.8, 0.0]
[0.00545, 0.01195, 140.5, 0.5000000000000009, -0.8, 0.0]
[0.00545, 0.0128, 140.5, 0.5000000000000009, -0.8, 0.0]
[0.00545, 0.01375, 140.5, 0.5000000000000009, -0.8, 0.0]
[0.00545, 0.0146, 140.5, 0.5000000000000009, -0.8, 0.0]
[0.00545, 0.0155, 140.5, 0.5000000000000009, -0.8, 0.0]
[0.00545, 0.0164, 140.5, 0.5000000000000009, -0.8, 0.0]
[0.00545, 0.0173, 140.5, 0.5000000000000009, -0.8, 0.0]
[0.00545, 0.0048000000000000004, 140.5, 0.5000000000000009, -0.8, 0.0]
[0.00545, 0.0048, 140.5776, 0.5, -0.8, 0.0]
[0.00545, 0.0048, 140.65519999999998, 0.5, -0.8, 0.0]
[0.00545, 0.0048, 140.73279999999997, 0.5, -0.8, 0.0]
[0.00545, 0.0048, 140.81039999999996, 0.5, -0.8, 0.0]
[0.00545, 0.0048, 140.73259999999996, 0.5, -0.8, 0.0]
[0.00545, 0.0048, 140.7326, 0.5, -0.8, 0.0]
[0.0054, 0.0048, 140.7326, 0.5, -0.8, 0.0]
[0.00565, 0.0048, 140.7326, 0.5, -0.8, 0.0]
[0.0059, 0.0048, 140.7326, 0.5, -0.8, 0.0]
[0.00615, 0.0048, 140.7326, 0.5, -0.8, 0.0]
[0.006500000000000001, 0.0048, 140.7326, 0.5, -0.8, 0.0]
[0.0069, 0.0048, 140.7326, 0.5, -0.8, 0.0]
[0.0073, 0.0048, 140.7326, 0.5, -0.8, 0.0]
[0.00775, 0.0048, 140.7326, 0.5, -0.8, 0.0]
[0.0083, 0.0048, 140.7326, 0.5, -0.8, 0.0]
[0.00885, 0.0048, 140.7326, 0.5, -0.8, 0.0]
[0.0095, 0.0048, 140.7326, 0.5, -0.8, 0.0]
[0.01015, 0.0048, 140.7326, 0.5, -0.8, 0.0]
[0.010950000000000001, 0.0048, 140.7326, 0.5, -0.8, 0.0]
[0.0117, 0.0048, 140.7326, 0.5, -0.8, 0.0]
[0.01255, 0.0048, 140.7326, 0.5, -0.8, 0.0]
[0.0134, 0.0048, 140.7326, 0.5, -0.8, 0.0]
[0.0143, 0.0048, 140.7326, 0.5, -0.8, 0.0]
[0.0152, 0.0048, 140.7326, 0.5, -0.8, 0.0]
[0.0161, 0.0048, 140.7326, 0.5, -0.8, 0.0]
[0.017, 0.0048, 140.7326, 0.5, -0.8, 0.0]
[0.0194, 0.0048, 140.7326, 0.5, -0.8, 0.0]
[0.0203, 0.0048, 140.7326, 0.5, -0.8, 0.0]
[0.0212, 0.0048, 140.7326, 0.5, -0.8, 0.0]
[0.0221, 0.0048, 140.7326, 0.5, -0.8, 0.0]
[0.023, 0.0048, 140.7326, 0.5, -0.8, 0.0]
[0.0239, 0.0048, 140.7326, 0.5, -0.8, 0.0]
[0.024800000000000003, 0.0048, 140.7326, 0.5, -0.8, 0.0]
[0.025650000000000003, 0.0048, 140.7326, 0.5, -0.8, 0.0]
[0.02655, 0.0048, 140.7326, 0.5, -0.8, 0.0]
[0.027450000000000002, 0.0048, 140.7326, 0.5, -0.8, 0.0]
[0.02835, 0.0048, 140.7326, 0.5, -0.8, 0.0]
[0.02925, 0.0048, 140.7326, 0.5, -0.8, 0.0]
[0.030100000000000002, 0.0048, 140.7326, 0.5, -0.8, 0.0]
[0.031, 0.0048, 140.7326, 0.5, -0.8, 0.0]
[0.0319, 0.0048, 140.7326, 0.5, -0.8, 0.0]
[0.03275, 0.0048, 140.7326, 0.5, -0.8, 0.0]
[0.03365, 0.0048, 140.7326, 0.5, -0.8, 0.0]
[0.03455, 0.0048, 140.7326, 0.5, -0.8, 0.0]
[0.02925, 0.0048, 140.7326, 0.5, -0.8, 0.0]
[0.02925, 0.0048, 140.7326, 0.5, -0.8, 0.0]
[0.02925, 0.00475, 140.7326, 0.5, -0.8, 0.0]
[0.02925, 0.00475, 140.7326, 0.5, -0.8, 0.0]
[0.02925, 0.004849999999999999, 140.7326, 0.5, -0.8, 0.0]
[0.02925, 0.00535, 140.7326, 0.5, -0.8, 0.0]
[0.02925, 0.00575, 140.7326, 0.5, -0.8, 0.0]
[0.02925, 0.0060999999999999995, 140.7326, 0.5, -0.8, 0.0]
[0.02925, 0.0048, 140.7326, 0.5, -0.8, 0.0]
[0.02925, 0.004699999999999999, 140.7326, 0.5, -0.8, 0.0]
[0.02925, 0.0046, 140.7326, 0.5, -0.8, 0.0]
[0.02925, 0.004399999999999999, 140.7326, 0.5, -0.8, 0.0]
[0.02925, 0.004149999999999999, 140.7326, 0.5, -0.8, 0.0]
[0.02925, 0.0033499999999999997, 140.7326, 0.5, -0.8, 0.0]
[0.02925, 0.0029499999999999995, 140.7326, 0.5, -0.8, 0.0]
[0.02925, 0.0024999999999999996, 140.7326, 0.5, -0.8, 0.0]
[0.02925, 0.0019499999999999995, 140.7326, 0.5, -0.8, 0.0]
[0.02925, 0.0013999999999999993, 140.7326, 0.5, -0.8, 0.0]
[0.02925, 0.0007499999999999998, 140.7326, 0.5, -0.8, 0.0]
[0.02925, 0.0001499999999999991, 140.7326, 0.5, -0.8, 0.0]
[0.02925, -0.0006000000000000007, 140.7326, 0.5, -0.8, 0.0]
[0.02925, -0.001400000000000001, 140.7326, 0.5, -0.8, 0.0]
[0.02925, -0.0022000000000000006, 140.7326, 0.5, -0.8, 0.0]
[0.02925, -0.003100000000000001, 140.7326, 0.5, -0.8, 0.0]
[0.02925, -0.004000000000000001, 140.7326, 0.5, -0.8, 0.0]
[0.02925, -0.004850000000000001, 140.7326, 0.5, -0.8, 0.0]
[0.02925, -0.005750000000000001, 140.7326, 0.5, -0.8, 0.0]
[0.02925, -0.0066500000000000005, 140.7326, 0.5, -0.8, 0.0]
[0.02925, -0.007500000000000001, 140.7326, 0.5, -0.8, 0.0]
[0.02925, -0.008400000000000001, 140.7326, 0.5, -0.8, 0.0]
[0.02925, -0.009300000000000003, 140.7326, 0.5, -0.8, 0.0]
[0.02925, -0.0102, 140.7326, 0.5, -0.8, 0.0]
[0.02925, -0.01225, 140.7326, 0.5, -0.8, 0.0]
[0.02925, -0.0039000000000000016, 140.7326, 0.5, -0.8, 0.0]
[0.02925, -0.0039, 140.79299999999998, 0.5, -0.8, 0.0]
[0.02925, -0.0039, 140.85339999999997, 0.5, -0.8, 0.0]
[0.02925, -0.0039, 140.91379999999995, 0.5, -0.8, 0.0]
[0.02925, -0.0039, 140.85319999999996, 0.5, -0.8, 0.0]
[0.02925, -0.0039, 140.8532, 0.5, -0.8, 0.0]
[0.02925, -0.0039, 140.8532, 0.5, -0.8, 0.0]
[0.02935, -0.0039, 140.8532, 0.5, -0.8, 0.0]
[0.02945, -0.0039, 140.8532, 0.5, -0.8, 0.0]
[0.029650000000000003, -0.0039, 140.8532, 0.5, -0.8, 0.0]
[0.02985, -0.0039, 140.8532, 0.5, -0.8, 0.0]
[0.0307, -0.0039, 140.8532, 0.5, -0.8, 0.0]
[0.03115, -0.0039, 140.8532, 0.5, -0.8, 0.0]
[0.0316, -0.0039, 140.8532, 0.5, -0.8, 0.0]
[0.032150000000000005, -0.0039, 140.8532, 0.5, -0.8, 0.0]
[0.03275, -0.0039, 140.8532, 0.5, -0.8, 0.0]
[0.033350000000000005, -0.0039, 140.8532, 0.5, -0.8, 0.0]
[0.034050000000000004, -0.0039, 140.8532, 0.5, -0.8, 0.0]
[0.034800000000000005, -0.0039, 140.8532, 0.5, -0.8, 0.0]
[0.0356, -0.0039, 140.8532, 0.5, -0.8, 0.0]
[0.0364, -0.0039, 140.8532, 0.5, -0.8, 0.0]
[0.0373, -0.0039, 140.8532, 0.5, -0.8, 0.0]
[0.0382, -0.0039, 140.8532, 0.5, -0.8, 0.0]
[0.03905, -0.0039, 140.8532, 0.5, -0.8, 0.0]
[0.03995, -0.0039, 140.8532, 0.5, -0.8, 0.0]
[0.040850000000000004, -0.0039, 140.8532, 0.5, -0.8, 0.0]
[0.0417, -0.0039, 140.8532, 0.5, -0.8, 0.0]
[0.0373, -0.0039, 140.8532, 0.5, -0.8, 0.0]
[0.0373, -0.0039499999999999995, 140.8532, 0.5, -0.8, 0.0]
[0.0373, -0.0039499999999999995, 140.8532, 0.5, -0.8, 0.0]
[0.0373, -0.00405, 140.8532, 0.5, -0.8, 0.0]
[0.0373, -0.0042499999999999994, 140.8532, 0.5, -0.8, 0.0]
[0.0373, -0.00455, 140.8532, 0.5, -0.8, 0.0]
[0.0373, -0.00485, 140.8532, 0.5, -0.8, 0.0]
[0.0373, -0.0052, 140.8532, 0.5, -0.8, 0.0]
[0.0373, -0.0056, 140.8532, 0.5, -0.8, 0.0]
[0.0373, -0.00605, 140.8532, 0.5, -0.8, 0.0]
[0.0373, -0.00655, 140.8532, 0.5, -0.8, 0.0]
[0.0373, -0.0071, 140.8532, 0.5, -0.8, 0.0]
[0.0373, -0.0077, 140.8532, 0.5, -0.8, 0.0]
[0.0373, -0.00835, 140.8532, 0.5, -0.8, 0.0]
[0.0373, -0.009049999999999999, 140.8532, 0.5, -0.8, 0.0]
[0.0373, -0.009850000000000001, 140.8532, 0.5, -0.8, 0.0]
[0.0373, -0.01065, 140.8532, 0.5, -0.8, 0.0]
[0.0373, -0.011550000000000001, 140.8532, 0.5, -0.8, 0.0]
[0.0373, -0.013750000000000002, 140.8532, 0.5, -0.8, 0.0]
[0.0373, -0.0077, 140.8532, 0.5, -0.8, 0.0]
[0.0373, -0.0077, 140.88799999999998, 0.5, -0.8, 0.0]
[0.0373, -0.0077, 140.92279999999997, 0.5, -0.8, 0.0]
[0.0373, -0.0077, 140.88779999999997, 0.5, -0.8, 0.0]
[0.0373, -0.0077, 140.8878, 0.5, -0.8, 0.0]
[0.0373, -0.0077, 140.8878, 0.5, -0.8, 0.0]
[0.0374, -0.0077, 140.8878, 0.5, -0.8, 0.0]
[0.0375, -0.0077, 140.8878, 0.5, -0.8, 0.0]
[0.0377, -0.0077, 140.8878, 0.5, -0.8, 0.0]
[0.03795, -0.0077, 140.8878, 0.5, -0.8, 0.0]
[0.0382, -0.0077, 140.8878, 0.5, -0.8, 0.0]
[0.03855, -0.0077, 140.8878, 0.5, -0.8, 0.0]
[0.03895, -0.0077, 140.8878, 0.5, -0.8, 0.0]
[0.04015, -0.0077, 140.8878, 0.5, -0.8, 0.0]
[0.0407, -0.0077, 140.8878, 0.5, -0.8, 0.0]
[0.04135, -0.0077, 140.8878, 0.5, -0.8, 0.0]
[0.042, -0.0077, 140.8878, 0.5, -0.8, 0.0]
[0.042749999999999996, -0.0077, 140.8878, 0.5, -0.8, 0.0]
[0.0435, -0.0077, 140.8878, 0.5, -0.8, 0.0]
[0.04435, -0.0077, 140.8878, 0.5, -0.8, 0.0]
[0.045200000000000004, -0.0077, 140.8878, 0.5, -0.8, 0.0]
[0.0461, -0.0077, 140.8878, 0.5, -0.8, 0.0]
[0.042749999999999996, -0.0077, 140.8878, 0.5, -0.8, 0.0]
[0.042749999999999996, -0.00775, 140.8878, 0.5, -0.8, 0.0]
[0.042749999999999996, -0.0078000000000000005, 140.8878, 0.5, -0.8, 0.0]
[0.042749999999999996, -0.0079, 140.8878, 0.5, -0.8, 0.0]
[0.042749999999999996, -0.0081, 140.8878, 0.5, -0.8, 0.0]
[0.042749999999999996, -0.00835, 140.8878, 0.5, -0.8, 0.0]
[0.042749999999999996, -0.009250000000000001, 140.8878, 0.5, -0.8, 0.0]
[0.042749999999999996, -0.00965, 140.8878, 0.5, -0.8, 0.0]
[0.042749999999999996, -0.01015, 140.8878, 0.5, -0.8, 0.0]
[0.042749999999999996, -0.010700000000000001, 140.8878, 0.5, -0.8, 0.0]
[0.042749999999999996, -0.01125, 140.8878, 0.5, -0.8, 0.0]
[0.042749999999999996, -0.01195, 140.8878, 0.5, -0.8, 0.0]
[0.042749999999999996, -0.00775, 140.8878, 0.5, -0.8, 0.0]
[0.042749999999999996, -0.0076500000000000005, 140.8878, 0.5, -0.8, 0.0]
[0.042749999999999996, -0.007500000000000001, 140.8878, 0.5, -0.8, 0.0]
[0.042749999999999996, -0.007350000000000001, 140.8878, 0.5, -0.8, 0.0]
[0.042749999999999996, -0.0071, 140.8878, 0.5, -0.8, 0.0]
[0.042749999999999996, -0.0068000000000000005, 140.8878, 0.5, -0.8, 0.0]
[0.042749999999999996, -0.00645, 140.8878, 0.5, -0.8, 0.0]
[0.042749999999999996, -0.00605, 140.8878, 0.5, -0.8, 0.0]
[0.042749999999999996, -0.0056500000000000005, 140.8878, 0.5, -0.8, 0.0]
[0.042749999999999996, -0.00415, 140.8878, 0.5, -0.8, 0.0]
[0.042749999999999996, -0.00355, 140.8878, 0.5, -0.8, 0.0]
[0.042749999999999996, -0.0028000000000000004, 140.8878, 0.5, -0.8, 0.0]
[0.042749999999999996, -0.0020499999999999997, 140.8878, 0.5, -0.8, 0.0]
[0.042749999999999996, -0.0012500000000000002, 140.8878, 0.5, -0.8, 0.0]
[0.042749999999999996, -0.0092, 140.8878, 0.5, -0.8, 0.0]
[0.04275, -0.0092, 140.919, 0.5, -0.8, 0.0]
[0.04275, -0.0092, 140.95020000000002, 0.5, -0.8, 0.0]
[0.04275, -0.0092, 140.98140000000004, 0.5, -0.8, 0.0]
[0.04275, -0.0092, 140.95000000000002, 0.5, -0.8, 0.0]
[0.04275, -0.0092, 140.95, 0.5, -0.8, 0.0]
[0.04275, -0.0092, 140.95, 0.5, -0.8, 0.0]
[0.042850000000000006, -0.0092, 140.95, 0.5, -0.8, 0.0]
[0.04295, -0.0092, 140.95, 0.5, -0.8, 0.0]
[0.04315, -0.0092, 140.95, 0.5, -0.8, 0.0]
[0.0434, -0.0092, 140.95, 0.5, -0.8, 0.0]
[0.0437, -0.0092, 140.95, 0.5, -0.8, 0.0]
[0.044050000000000006, -0.0092, 140.95, 0.5, -0.8, 0.0]
[0.04445, -0.0092, 140.95, 0.5, -0.8, 0.0]
[0.0449, -0.0092, 140.95, 0.5, -0.8, 0.0]
[0.0454, -0.0092, 140.95, 0.5, -0.8, 0.0]
[0.045950000000000005, -0.0092, 140.95, 0.5, -0.8, 0.0]
[0.0466, -0.0092, 140.95, 0.5, -0.8, 0.0]
[0.0485, -0.0092, 140.95, 0.5, -0.8, 0.0]
[0.049300000000000004, -0.0092, 140.95, 0.5, -0.8, 0.0]
[0.05015, -0.0092, 140.95, 0.5, -0.8, 0.0]
[0.051050000000000005, -0.0092, 140.95, 0.5, -0.8, 0.0]
[0.05195, -0.0092, 140.95, 0.5, -0.8, 0.0]
[0.0528, -0.0092, 140.95, 0.5, -0.8, 0.0]
[0.049300000000000004, -0.0092, 140.95, 0.5, -0.8, 0.0]
[0.049300000000000004, -0.00925, 140.95, 0.5, -0.8, 0.0]
[0.049300000000000004, -0.00925, 140.95, 0.5, -0.8, 0.0]
[0.049300000000000004, -0.00935, 140.95, 0.5, -0.8, 0.0]
[0.049300000000000004, -0.0089, 140.95, 0.5, -0.8, 0.0]
[0.049300000000000004, -0.0085, 140.95, 0.5, -0.8, 0.0]
[0.049300000000000004, -0.00815, 140.95, 0.5, -0.8, 0.0]
[0.049300000000000004, -0.00925, 140.95, 0.5, -0.8, 0.0]
[0.049300000000000004, -0.0093, 140.95, 0.5, -0.8, 0.0]
[0.049300000000000004, -0.00945, 140.95, 0.5, -0.8, 0.0]
[0.049300000000000004, -0.00965, 140.95, 0.5, -0.8, 0.0]
[0.049300000000000004, -0.00995, 140.95, 0.5, -0.8, 0.0]
[0.049300000000000004, -0.01025, 140.95, 0.5, -0.8, 0.0]
[0.049300000000000004, -0.0106, 140.95, 0.5, -0.8, 0.0]
[0.049300000000000004, -0.01105, 140.95, 0.5, -0.8, 0.0]
[0.049300000000000004, -0.0115, 140.95, 0.5, -0.8, 0.0]
[0.049300000000000004, -0.01205, 140.95, 0.5, -0.8, 0.0]
[0.049300000000000004, -0.01265, 140.95, 0.5, -0.8, 0.0]
[0.049300000000000004, -0.01325, 140.95, 0.5, -0.8, 0.0]
[0.049300000000000004, -0.01395, 140.95, 0.5, -0.8, 0.0]
[0.049300000000000004, -0.0108, 140.95, 0.5, -0.8, 0.0]
[0.0493, -0.0108, 140.9731, 0.5, -0.8, 0.0]
[0.0493, -0.0108, 140.9962, 0.5, -0.8, 0.0]
[0.0493, -0.0108, 141.0193, 0.5, -0.8, 0.0]
[0.0493, -0.0108, 141.0424, 0.5, -0.8, 0.0]
[0.0493, -0.0108, 141.01909999999998, 0.5, -0.8, 0.0]
[0.0493, -0.0108, 141.0191, 0.5, -0.8, 0.0]
[0.049249999999999995, -0.0108, 141.0191, 0.5, -0.8, 0.0]
[0.0494, -0.0108, 141.0191, 0.5, -0.8, 0.0]
[0.049499999999999995, -0.0108, 141.0191, 0.5, -0.8, 0.0]
[0.049699999999999994, -0.0108, 141.0191, 0.5, -0.8, 0.0]
[0.0499, -0.0108, 141.0191, 0.5, -0.8, 0.0]
[0.050199999999999995, -0.0108, 141.0191, 0.5, -0.8, 0.0]
[0.05055, -0.0108, 141.0191, 0.5, -0.8, 0.0]
[0.05175, -0.0108, 141.0191, 0.5, -0.8, 0.0]
[0.0523, -0.0108, 141.0191, 0.5, -0.8, 0.0]
[0.052899999999999996, -0.0108, 141.0191, 0.5, -0.8, 0.0]
[0.05355, -0.0108, 141.0191, 0.5, -0.8, 0.0]
[0.05425, -0.0108, 141.0191, 0.5, -0.8, 0.0]
[0.0523, -0.0108, 141.0191, 0.5, -0.8, 0.0]
[0.0523, -0.0108, 141.0191, 0.5, -0.8, 0.0]
[0.0523, -0.0108, 141.0191, 0.5, -0.8, 0.0]
[0.0523, -0.010750000000000001, 141.0191, 0.5, -0.8, 0.0]
[0.0523, -0.01105, 141.0191, 0.5, -0.8, 0.0]
[0.0523, -0.0114, 141.0191, 0.5, -0.8, 0.0]
[0.0523, -0.01175, 141.0191, 0.5, -0.8, 0.0]
[0.0523, -0.012150000000000001, 141.0191, 0.5, -0.8, 0.0]
[0.0523, -0.0126, 141.0191, 0.5, -0.8, 0.0]
[0.0523, -0.013850000000000001, 141.0191, 0.5, -0.8, 0.0]
[0.0523, -0.014450000000000001, 141.0191, 0.5, -0.8, 0.0]
[0.0523, -0.0151, 141.0191, 0.5, -0.8, 0.0]
[0.0523, -0.015850000000000003, 141.0191, 0.5, -0.8, 0.0]
[0.0523, -0.013850000000000001, 141.0191, 0.5, -0.8, 0.0]
[0.0523, -0.01385, 141.0293, 0.5, -0.8, 0.0]
[0.0523, -0.01385, 141.0395, 0.5, -0.8, 0.0]
[0.0523, -0.01385, 141.0497, 0.5, -0.8, 0.0]
[0.0523, -0.01385, 141.0599, 0.5, -0.8, 0.0]
[0.0523, -0.01385, 141.0701, 0.5, -0.8, 0.0]
[0.0523, -0.01385, 141.0803, 0.5, -0.8, 0.0]
[0.0523, -0.01385, 141.0699, 0.5, -0.8, 0.0]
[0.0523, -0.01385, 141.0699, 0.5, -0.8, 0.0]
[0.0536, -0.01385, 141.0699, 0.5, -0.8, 0.0]
[0.05295, -0.01385, 141.0699, 0.5, -0.8, 0.0]
[0.05425, -0.01385, 141.0699, 0.5, -0.8, 0.0]
[0.05375, -0.01385, 141.0699, 0.5, -0.8, 0.0]
[0.05375, -0.014849999999999999, 141.0699, 0.5, -0.8, 0.0]
[0.05375, -0.01435, 141.0699, 0.5, -0.8, 0.0]
[0.05375, -0.015349999999999999, 141.0699, 0.5, -0.8, 0.0]
