New Alignment
2020-08-21 10:09:52
[-0.0135, -0.00205, 141.0, 0.3, -0.2, 0.0]
-11.7892
[-0.0166, -0.00205, 141.1768, 0.3, -0.2, 0.0]
-2.9614
[-0.0183, -0.00165, 141.2126, 0.3, -0.2, 0.0]
-0.6696
[-0.01885, -0.0017, 141.2184, 0.3, -0.2, 0.0]
-0.4944
[-0.019, -0.0014, 141.2202, 0.3, -0.2, 0.0]
-0.4563
[-0.0192, -0.00165, 141.222, 0.3, -0.2, 0.0]
-0.4084
-0.378
Alignment finished
*****************
New Alignment
2020-08-21 10:11:48
[-0.01395, -0.00275, 141.0, 0.3, -0.2, 0.0]
-11.7458
[-0.01695, -0.0017, 141.1753, 0.3, -0.2, 0.0]
-3.0132
[-0.0186, -0.0021, 141.2111, 0.3, -0.2, 0.0]
-0.7073
[-0.0193, -0.00175, 141.2189, 0.3, -0.2, 0.0]
-0.4691
[-0.0195, -0.00185, 141.2207, 0.3, -0.2, 0.0]
-0.4323
[-0.0198, -0.00165, 141.2225, 0.3, -0.2, 0.0]
-0.4294
[-0.0199, -0.00185, 141.2243, 0.3, -0.2, 0.0]
-0.3691
[-0.02005, -0.002, 141.2249, 0.3, -0.2, 0.0]
-0.3612
[-0.02005, -0.00195, 141.2255, 0.3, -0.2, 0.0]
-0.372
[-0.02015, -0.00195, 141.2261, 0.3, -0.2, 0.0]
-0.3683
[-0.02005, -0.002, 141.2255, 0.3, -0.2, 0.0]
-0.361
Alignment finished
*****************
New Alignment
2020-08-21 10:17:39
[-0.02085, -0.0028, 141.2255, 0.3, -0.2, 0.0]
-0.4207
-0.344
Alignment finished
*****************
New Alignment
2020-08-21 10:20:12
[-0.0149, -0.0032, 141.0, 0.3, -0.2, 0.0]
-11.6402
[-0.01755, -0.00305, 141.0346, 0.3, -0.2, 0.0]
-10.2948
[-0.01875, -0.00255, 141.1889, 0.3, -0.2, 0.0]
-1.7862
[-0.01885, -0.0025, 141.1934, 0.3, -0.2, 0.0]
-1.4949
[-0.019, -0.0026, 141.19715, 0.3, -0.2, 0.0]
-1.2614
[-0.01925, -0.0025, 141.2004, 0.3, -0.2, 0.0]
-1.0851
[-0.01935, -0.00265, 141.20315, 0.3, -0.2, 0.0]
-0.9205
[-0.02025, -0.0027, 141.2144, 0.3, -0.2, 0.0]
-0.4982
[-0.02055, -0.00285, 141.2162, 0.3, -0.2, 0.0]
-0.4258
[-0.0207, -0.00245, 141.218, 0.3, -0.2, 0.0]
-0.4041
[-0.0209, -0.0025, 141.2198, 0.3, -0.2, 0.0]
-0.3835
-0.349
Alignment finished
*****************
New Alignment
2020-08-21 10:24:01
[-0.022, -0.0023, 141.2204, 0.3, -0.2, 0.0]
-0.338
[-0.0221, -0.0024, 141.2218, 0.3, -0.2, 0.0]
-0.3335
[-0.02225, -0.0024, 141.2224, 0.3, -0.2, 0.0]
-0.3923
[-0.02245, -0.00225, 141.223, 0.3, -0.2, 0.0]
-0.3622
[-0.0221, -0.0024, 141.2224, 0.3, -0.2, 0.0]
-0.333
Alignment finished
*****************
New Alignment
2020-08-21 10:31:58
[-0.02065, 0.0008, 141.2124, 0.3, -0.2, 0.0]
-0.5729
[-0.02095, 0.00065, 141.2182, 0.3, -0.2, 0.0]
-0.4492
[-0.0211, 0.0008, 141.2188, 0.3, -0.2, 0.0]
-0.3951
-0.348
Alignment finished
*****************
New Alignment
2020-08-21 11:24:32
[-0.0014, -0.0078, 141.0, 0.3, -0.2, 0.0]
-10.97
[0.0038, -0.01015, 141.0658, 0.3, -0.2, 0.0]
-8.0698
[0.0075, -0.01005, 141.0899, 0.3, -0.2, 0.0]
-6.8582
[0.0099, -0.01, 141.1104, 0.3, -0.2, 0.0]
-5.6858
[0.0129, -0.0099, 141.1273, 0.3, -0.2, 0.0]
-4.6772
[0.01555, -0.0109, 141.1553, 0.3, -0.2, 0.0]
-2.6307
[0.0175, -0.0112, 141.1863, 0.3, -0.2, 0.0]
-0.4985
-0.291
Alignment finished
*****************
New Alignment
2020-08-21 11:26:09
[0.01805, -0.01135, 141.1963, 0.3, -0.2, 0.0]
-0.277
[0.01815, -0.0115, 141.2001, 0.3, -0.2, 0.0]
-0.3295
[0.01825, -0.0116, 141.2039, 0.3, -0.2, 0.0]
-0.3483
[0.01805, -0.01135, 141.1983, 0.3, -0.2, 0.0]
-0.253
Alignment finished
*****************
New Alignment
2020-08-21 16:10:58
[-0.00105, -0.0083, 141.0, 0.3, -0.2, 0.0]
-11.7821
[-0.00425, -0.0064, 141.1768, 0.3, -0.2, 0.0]
-2.5754
[-0.00525, -0.00525, 141.2, 0.3, -0.2, 0.0]
-1.2514
[-0.00595, -0.0051, 141.2063, 0.3, -0.2, 0.0]
-1.0553
[-0.00645, -0.0049, 141.2116, 0.3, -0.2, 0.0]
-0.9599
[-0.00705, -0.0046, 141.2164, 0.3, -0.2, 0.0]
-0.9322
[-0.00755, -0.00465, 141.2207, 0.3, -0.2, 0.0]
-1.0078
[-0.00805, -0.00475, 141.2255, 0.3, -0.2, 0.0]
-1.1386
[-0.00705, -0.0046, 141.2164, 0.3, -0.2, 0.0]
-0.929
Alignment finished
*****************
New Alignment
2020-08-21 16:14:47
[-0.00645, -0.0051, 141.2164, 0.3, -0.2, 0.0]
-0.4465
[-0.00655, -0.0051, 141.2182, 0.3, -0.2, 0.0]
-0.5767
[-0.00685, -0.0051, 141.222, 0.3, -0.2, 0.0]
-0.5341
[-0.00645, -0.0051, 141.2164, 0.3, -0.2, 0.0]
-0.441
Alignment finished
*****************
New Alignment
2020-08-21 16:15:31
[-0.0007, -0.0078, 141.0, 0.3, -0.2, 0.0]
-11.2831
[-0.00305, -0.00615, 141.1693, 0.3, -0.2, 0.0]
-2.6087
[-0.0042, -0.00545, 141.1925, 0.3, -0.2, 0.0]
-1.1181
[-0.0045, -0.00515, 141.198, 0.3, -0.2, 0.0]
-0.8592
[-0.00535, -0.0051, 141.2068, 0.3, -0.2, 0.0]
-0.5299
[-0.00575, -0.00505, 141.2106, 0.3, -0.2, 0.0]
-0.4624
[-0.00585, -0.00475, 141.2124, 0.3, -0.2, 0.0]
-0.437
[-0.00615, -0.0049, 141.2142, 0.3, -0.2, 0.0]
-0.4365
[-0.00635, -0.0049, 141.216, 0.3, -0.2, 0.0]
-0.4221
[-0.0063, -0.0048, 141.2166, 0.3, -0.2, 0.0]
-0.4405
[-0.00645, -0.0048, 141.2184, 0.3, -0.2, 0.0]
-0.4368
[-0.00635, -0.0049, 141.216, 0.3, -0.2, 0.0]
-0.421
Alignment finished
*****************
New Alignment
2020-08-21 16:19:41
[0.00015, -0.00745, 141.0, 0.3, -0.2, 0.0]
-11.3327
[-0.00265, -0.0075, 141.1693, 0.3, -0.2, 0.0]
-3.7346
[-0.0037, -0.0057, 141.1913, 0.3, -0.2, 0.0]
-1.2686
[-0.0049, -0.0057, 141.20085, 0.3, -0.2, 0.0]
-0.8211
[-0.0055, -0.00525, 141.20665, 0.3, -0.2, 0.0]
-0.5592
[-0.00595, -0.00495, 141.21045, 0.3, -0.2, 0.0]
-0.4808
[-0.006, -0.0051, 141.21225, 0.3, -0.2, 0.0]
-0.4749
[-0.0061, -0.00505, 141.21285, 0.3, -0.2, 0.0]
-0.4711
[-0.0062, -0.00495, 141.21465, 0.3, -0.2, 0.0]
-0.4636
[-0.0063, -0.00465, 141.21645, 0.3, -0.2, 0.0]
-0.5026
[-0.00675, -0.0048, 141.21825, 0.3, -0.2, 0.0]
-0.5069
[-0.0062, -0.00505, 141.21465, 0.3, -0.2, 0.0]
-0.449
Alignment finished
*****************
New Alignment
2020-08-21 16:38:42
[-0.00465, 0.0024, 141.0, 0.3, -0.2, 0.0]
-12.0027
[0.0003, 0.00155, 141.0718, 0.3, -0.2, 0.0]
-9.2185
[0.0048, 0.0017, 141.0992, 0.3, -0.2, 0.0]
-7.9447
[0.0095, 0.0014, 141.1464, 0.3, -0.2, 0.0]
-5.482
[0.0123, 0.00125, 141.1792, 0.3, -0.2, 0.0]
-3.3114
-0.296
Alignment finished
*****************
New Alignment
2020-08-25 16:49:34
[0.00365, -0.0092, 141.0, 0.5, -0.5, 0.0]
-11.994
[0.0073, -0.0124, 141.1438, 0.5, -0.5, 0.0]
-5.3594
[0.0087, -0.0127, 141.176, 0.5, -0.5, 0.0]
-3.3298
[0.01095, -0.01295, 141.1956, 0.5, -0.5, 0.0]
-1.733
[0.0122, -0.01295, 141.2039, 0.5, -0.5, 0.0]
-1.025
[0.01295, -0.01295, 141.2112, 0.5, -0.5, 0.0]
-0.6569
[0.01315, -0.0128, 141.215, 0.5, -0.5, 0.0]
-0.5017
[0.01335, -0.0125, 141.2156, 0.5, -0.5, 0.0]
-0.3937
[0.01335, -0.0126, 141.2162, 0.5, -0.5, 0.0]
-0.4009
[0.01345, -0.0126, 141.2168, 0.5, -0.5, 0.0]
-0.3793
[0.01355, -0.01265, 141.2174, 0.5, -0.5, 0.0]
-0.3557
[0.0136, -0.0127, 141.218, 0.5, -0.5, 0.0]
-0.3419
[0.01345, -0.0127, 141.2186, 0.5, -0.5, 0.0]
-0.3557
[0.0136, -0.01275, 141.2192, 0.5, -0.5, 0.0]
-0.3466
[0.0136, -0.01295, 141.2198, 0.5, -0.5, 0.0]
-0.323
[0.01355, -0.0129, 141.2204, 0.5, -0.5, 0.0]
-0.3228
[0.01365, -0.01295, 141.221, 0.5, -0.5, 0.0]
-0.3274
[0.0137, -0.01325, 141.2228, 0.5, -0.5, 0.0]
-0.3209
[0.01355, -0.01325, 141.2234, 0.5, -0.5, 0.0]
-0.326
[0.01365, -0.0129, 141.221, 0.5, -0.5, 0.0]
-0.315
Alignment finished
*****************
New Alignment
2020-08-25 16:59:56
[0.01345, -0.0134, 141.211, 0.5, -0.5, 0.0]
-0.3346
-0.334
Alignment finished
*****************
New Alignment
2020-08-25 17:01:08
[0.01215, -0.0137, 141.2016, 0.5, -0.5, 0.0]
-0.5289
[0.0123, -0.01385, 141.2034, 0.5, -0.5, 0.0]
-0.4474
[0.0121, -0.01385, 141.204, 0.5, -0.5, 0.0]
-0.4717
Alignment finished
*****************
New Alignment
2020-08-25 17:04:39
[0.0049, -0.00735, 141.0, 0.5, -0.5, 0.0]
-11.4465
[0.00755, -0.0106, 141.1366, 0.5, -0.5, 0.0]
-5.0087
[0.0089, -0.01075, 141.1664, 0.5, -0.5, 0.0]
-3.0164
[0.01115, -0.0115, 141.1842, 0.5, -0.5, 0.0]
-1.3183
[0.0118, -0.0115, 141.1907, 0.5, -0.5, 0.0]
-0.9216
[0.01255, -0.01145, 141.20195, 0.5, -0.5, 0.0]
-0.4136
[0.01225, -0.01165, 141.20175, 0.5, -0.5, 0.0]
-0.4469
[0.0124, -0.01145, 141.20235, 0.5, -0.5, 0.0]
-0.4358
[0.0125, -0.01165, 141.20295, 0.5, -0.5, 0.0]
-0.3979
[0.0126, -0.0116, 141.20355, 0.5, -0.5, 0.0]
-0.3837
[0.0127, -0.0117, 141.20415, 0.5, -0.5, 0.0]
-0.3705
[0.01275, -0.0117, 141.20475, 0.5, -0.5, 0.0]
-0.3602
-0.346
Alignment finished
*****************
New Alignment
2020-08-25 17:06:42
[0.01185, -0.01155, 141.19535, 0.5, -0.5, 0.0]
-0.6347
[0.01195, -0.01155, 141.19915, 0.5, -0.5, 0.0]
-0.4923
[0.0121, -0.0115, 141.19975, 0.5, -0.5, 0.0]
-0.4675
[0.0121, -0.01165, 141.20155, 0.5, -0.5, 0.0]
-0.4227
[0.0122, -0.0116, 141.20215, 0.5, -0.5, 0.0]
-0.4069
[0.0122, -0.01175, 141.20275, 0.5, -0.5, 0.0]
-0.4021
[0.01225, -0.01165, 141.20335, 0.5, -0.5, 0.0]
-0.3739
-0.363
Alignment finished
*****************
New Alignment
2020-08-25 17:10:40
[0.00435, -0.00745, 141.0, 0.5, -0.5, 0.0]
-11.4038
[0.0075, -0.01075, 141.1366, 0.5, -0.5, 0.0]
-4.8187
[0.00965, -0.0114, 141.1796, 0.5, -0.5, 0.0]
-1.8438
[0.0108, -0.01125, 141.1839, 0.5, -0.5, 0.0]
-1.2511
[0.01055, -0.0113, 141.18715, 0.5, -0.5, 0.0]
-1.0509
[0.0113, -0.01115, 141.1897, 0.5, -0.5, 0.0]
-0.8815
[0.01215, -0.01125, 141.20095, 0.5, -0.5, 0.0]
-0.4037
[0.0123, -0.01135, 141.20155, 0.5, -0.5, 0.0]
-0.4026
[0.0124, -0.01125, 141.20215, 0.5, -0.5, 0.0]
-0.3768
[0.0122, -0.0112, 141.20275, 0.5, -0.5, 0.0]
-0.3941
[0.0128, -0.01135, 141.20335, 0.5, -0.5, 0.0]
-0.3816
-0.347
Alignment finished
*****************
New Alignment
2020-08-25 17:12:48
[0.01265, -0.01095, 141.20395, 0.5, -0.5, 0.0]
-0.3437
[0.01255, -0.01115, 141.20455, 0.5, -0.5, 0.0]
-0.3534
[0.01305, -0.011, 141.20515, 0.5, -0.5, 0.0]
-0.326
[0.01265, -0.01105, 141.20495, 0.5, -0.5, 0.0]
-0.3295
[0.0128, -0.011, 141.20555, 0.5, -0.5, 0.0]
-0.362
[0.0129, -0.01115, 141.20615, 0.5, -0.5, 0.0]
-0.3466
[0.013, -0.011, 141.20675, 0.5, -0.5, 0.0]
-0.3103
[0.01305, -0.01095, 141.20735, 0.5, -0.5, 0.0]
-0.3091
[0.0131, -0.011, 141.20795, 0.5, -0.5, 0.0]
-0.3154
[0.013, -0.011, 141.20675, 0.5, -0.5, 0.0]
-0.308
Alignment finished
*****************
New Alignment
2020-08-25 17:16:02
[0.0104, -0.0103, 141.19675, 0.5, -0.5, 0.0]
-3.1683
[0.01265, -0.0107, 141.21575, 0.5, -0.5, 0.0]
-1.7314
[0.01255, -0.01055, 141.22, 0.5, -0.5, 0.0]
-1.3955
[0.01395, -0.01055, 141.2303, 0.5, -0.5, 0.0]
-0.7668
[0.01485, -0.01065, 141.2403, 0.5, -0.5, 0.0]
-0.3957
[0.015, -0.0105, 141.2409, 0.5, -0.5, 0.0]
-0.421
[0.01545, -0.01065, 141.2427, 0.5, -0.5, 0.0]
-0.3379
-0.319
Alignment finished
*****************
New Alignment
2020-08-25 17:18:45
[0.016, -0.0091, 141.2345, 0.5, -0.5, 0.0]
-0.7246
[0.01585, -0.0092, 141.2365, 0.5, -0.5, 0.0]
-0.5292
[0.016, -0.00905, 141.2403, 0.5, -0.5, 0.0]
-0.3985
[0.0162, -0.00895, 141.2421, 0.5, -0.5, 0.0]
-0.425
-0.325
Alignment finished
*****************
New Alignment
2020-08-25 17:19:59
[0.01465, -0.00835, 141.2339, 0.5, -0.5, 0.0]
-0.5392
-0.340
Alignment finished
*****************
New Alignment
2020-08-26 10:41:08
[-0.00735, -0.0027, 141.0, 0.5, -0.5, 0.0]
-12.3479
[-0.015, -0.0008, 141.0982, 0.5, -0.5, 0.0]
-8.7817
[-0.0197, 0.00085, 141.1508, 0.5, -0.5, 0.0]
-6.1495
[-0.02275, 0.0032, 141.1872, 0.5, -0.5, 0.0]
-3.4201
[-0.02385, 0.0048, 141.2278, 0.5, -0.5, 0.0]
-0.5939
[-0.02425, 0.005, 141.2316, 0.5, -0.5, 0.0]
-0.418
[-0.02415, 0.0051, 141.2322, 0.5, -0.5, 0.0]
-0.394
[-0.0242, 0.0054, 141.238, 0.5, -0.5, 0.0]
-0.269
[-0.0245, 0.00535, 141.2378, 0.5, -0.5, 0.0]
-0.2748
[-0.0244, 0.00555, 141.2384, 0.5, -0.5, 0.0]
-0.2562
[-0.02475, 0.0057, 141.2398, 0.5, -0.5, 0.0]
-0.2718
[-0.024, 0.00565, 141.2404, 0.5, -0.5, 0.0]
-0.3007
[-0.0246, 0.00575, 141.2402, 0.5, -0.5, 0.0]
-0.2331
[-0.02445, 0.00585, 141.2408, 0.5, -0.5, 0.0]
-0.2391
[-0.0247, 0.006, 141.2426, 0.5, -0.5, 0.0]
-0.2276
[-0.02455, 0.00595, 141.2432, 0.5, -0.5, 0.0]
-0.2322
[-0.02475, 0.0061, 141.245, 0.5, -0.5, 0.0]
-0.2424
[-0.0247, 0.006, 141.2432, 0.5, -0.5, 0.0]
-0.227
Alignment finished
*****************
New Alignment
2020-08-26 10:47:04
[-0.02425, 0.00535, 141.2332, 0.5, -0.5, 0.0]
-1.8837
[-0.02455, 0.0057, 141.23795, 0.5, -0.5, 0.0]
-1.543
[-0.0242, 0.00605, 141.2417, 0.5, -0.5, 0.0]
-1.2662
[-0.0245, 0.00655, 141.24495, 0.5, -0.5, 0.0]
-1.0284
[-0.0249, 0.00685, 141.24745, 0.5, -0.5, 0.0]
-0.839
[-0.0252, 0.00705, 141.25145, 0.5, -0.5, 0.0]
-0.637
[-0.025, 0.0075, 141.25925, 0.5, -0.5, 0.0]
-0.4124
[-0.0255, 0.0077, 141.26105, 0.5, -0.5, 0.0]
-0.2998
-0.245
Alignment finished
*****************
New Alignment
2020-08-26 15:32:35
[0.00535, -0.00035, 141.0, 0.5, -0.5, 0.0]
-16.8099
[0.00735, 0.00825, 141.067, 0.5, -0.5, 0.0]
-8.5134
[0.0096, 0.0086, 141.1433, 0.5, -0.5, 0.0]
-3.9489
[0.01185, 0.0088, 141.1782, 0.5, -0.5, 0.0]
-1.2365
[0.01245, 0.0095, 141.19, 0.5, -0.5, 0.0]
-0.7005
[0.01325, 0.00965, 141.192, 0.5, -0.5, 0.0]
-0.457
[0.0137, 0.00995, 141.195, 0.5, -0.5, 0.0]
-0.3856
[0.01355, 0.0097, 141.1973, 0.5, -0.5, 0.0]
-0.4045
[0.01445, 0.00995, 141.1993, 0.5, -0.5, 0.0]
-0.2472
[0.0142, 0.0099, 141.2016, 0.5, -0.5, 0.0]
-0.2648
[0.01475, 0.01015, 141.2036, 0.5, -0.5, 0.0]
-0.2181
-0.197
Alignment finished
*****************
New Alignment
2020-08-26 15:48:20
[0.01505, 0.0086, 141.1956, 0.5, -0.5, 0.0]
-6.8102
[0.0194, 0.00965, 141.2362, 0.5, -0.5, 0.0]
-4.3271
[0.0226, 0.00985, 141.2618, 0.5, -0.5, 0.0]
-2.9341
[0.02255, 0.0117, 141.2703, 0.5, -0.5, 0.0]
-2.3251
[0.0226, 0.01245, 141.277, 0.5, -0.5, 0.0]
-1.7237
[0.0219, 0.0144, 141.2804, 0.5, -0.5, 0.0]
-1.6488
[0.023, 0.0158, 141.3004, 0.5, -0.5, 0.0]
-0.5983
-0.202
Alignment finished
*****************
New Alignment
2020-08-26 16:21:13
[0.0028, 0.00095, 141.0, 0.5, -0.5, 0.0]
-16.023
[0.0086, 0.003, 141.1278, 0.5, -0.5, 0.0]
-10.3465
[0.0103, 0.00415, 141.1585, 0.5, -0.5, 0.0]
-8.3313
[0.01245, 0.00535, 141.1832, 0.5, -0.5, 0.0]
-6.4566
[0.01245, 0.00535, 141.2025, 0.5, -0.5, 0.0]
-8.167
[0.01585, 0.00665, 141.21037, 0.5, -0.5, 0.0]
-4.6648
[0.0176, 0.00645, 141.22427, 0.5, -0.5, 0.0]
-4.4099
[0.01795, 0.00735, 141.22935, 0.5, -0.5, 0.0]
-4.6839
[0.01975, 0.00725, 141.23479, 0.5, -0.5, 0.0]
-4.4892
[0.02065, 0.00775, 141.24809, 0.5, -0.5, 0.0]
-5.1631
[0.0221, 0.0076, 141.25413, 0.5, -0.5, 0.0]
-5.4072
[0.02385, 0.00875, 141.26689, 0.5, -0.5, 0.0]
-6.3123
[0.02615, 0.0086, 141.28559, 0.5, -0.5, 0.0]
-7.5351
[0.02795, 0.0093, 141.30789, 0.5, -0.5, 0.0]
-8.9731
Alignment finished
*****************
New Alignment
2020-08-26 16:23:54
[0.00335, 0.0013, 141.0, 0.5, -0.5, 0.0]
-11.9475
[0.0094, 0.004, 141.1426, 0.5, -0.5, 0.0]
-5.3579
[0.0118, 0.0056, 141.1748, 0.5, -0.5, 0.0]
-3.1057
[0.01405, 0.0061, 141.1932, 0.5, -0.5, 0.0]
-1.6742
[0.01545, 0.00675, 141.2015, 0.5, -0.5, 0.0]
-1.0545
[0.01605, 0.00705, 141.20955, 0.5, -0.5, 0.0]
-0.6297
[0.0167, 0.00735, 141.21155, 0.5, -0.5, 0.0]
-0.5128
[0.01685, 0.00745, 141.21635, 0.5, -0.5, 0.0]
-0.3561
[0.01745, 0.0075, 141.21835, 0.5, -0.5, 0.0]
-0.2814
[0.0179, 0.0076, 141.22135, 0.5, -0.5, 0.0]
-0.2248
-0.190
Alignment finished
*****************
New Alignment
2020-08-26 16:32:04
[0.0162, 0.00915, 141.21335, 0.5, -0.5, 0.0]
-3.4079
[0.01845, 0.01025, 141.23355, 0.5, -0.5, 0.0]
-1.8257
[0.0201, 0.01095, 141.24685, 0.5, -0.5, 0.0]
-0.9443
[0.02135, 0.01145, 141.2581, 0.5, -0.5, 0.0]
-0.3801
[0.0218, 0.0115, 141.2604, 0.5, -0.5, 0.0]
-0.3077
[0.02225, 0.0118, 141.2634, 0.5, -0.5, 0.0]
-0.2442
-0.199
Alignment finished
*****************
New Alignment
2020-08-26 16:40:31
[-0.0046, 0.00185, 141.0, 0.5, -0.5, 0.0]
-9.3041
[-0.00105, 0.00355, 141.0835, 0.5, -0.5, 0.0]
-4.9586
[0.0011, 0.00485, 141.1283, 0.5, -0.5, 0.0]
-1.4196
[0.00205, 0.00555, 141.1458, 0.5, -0.5, 0.0]
-0.3845
[0.00215, 0.00575, 141.1506, 0.5, -0.5, 0.0]
-0.2322
[0.00255, 0.00585, 141.1526, 0.5, -0.5, 0.0]
-0.2221
-0.194
Alignment finished
*****************
New Alignment
2020-08-26 16:44:08
[0.0004, 0.00675, 141.1449, 0.5, -0.5, 0.0]
-0.4126
[0.0009, 0.0066, 141.1469, 0.5, -0.5, 0.0]
-0.3365
-0.201
Alignment finished
*****************
New Alignment
2020-08-26 16:48:13
[-0.00855, 0.00725, 141.0, 0.5, -0.5, 0.0]
-9.6923
[-0.0044, 0.0089, 141.0871, 0.5, -0.5, 0.0]
-5.2351
[-0.0023, 0.01025, 141.1337, 0.5, -0.5, 0.0]
-1.6349
[-0.0017, 0.0108, 141.1495, 0.5, -0.5, 0.0]
-0.6113
[-0.0015, 0.0111, 141.1568, 0.5, -0.5, 0.0]
-0.3534
[-0.00105, 0.0109, 141.1588, 0.5, -0.5, 0.0]
-0.261
[-0.00065, 0.011, 141.1618, 0.5, -0.5, 0.0]
-0.221
[-0.0008, 0.0112, 141.1641, 0.5, -0.5, 0.0]
-0.2133
-0.173
Alignment finished
*****************
New Alignment
2020-08-26 16:54:11
[-0.00125, 0.0111, 141.1549, 0.5, -0.5, 0.0]
-0.4123
[-0.0011, 0.0112, 141.1597, 0.5, -0.5, 0.0]
-0.286
[-0.0008, 0.01125, 141.1617, 0.5, -0.5, 0.0]
-0.2205
-0.190
Alignment finished
*****************
New Alignment
2020-08-27 09:20:38
[-0.00245, -0.0006, 141.0, 0.5, -0.5, 0.0]
-16.7813
[0.00175, -0.00015, 141.067, 0.5, -0.5, 0.0]
-16.5741
-16.52
Alignment finished
*****************
New Alignment
2020-08-27 09:21:26
[-0.003, -0.0009, 141.0, 0.5, -0.5, 0.0]
-17.3367
[0.0012, -0.0007, 141.05516, 0.5, -0.5, 0.0]
-16.9626
[0.00475, 5e-05, 141.12296, 0.5, -0.5, 0.0]
-16.3226
[0.0074, 0.0002, 141.17492, 0.5, -0.5, 0.0]
-15.2804
[0.0102, 0.0001, 141.1992, 0.5, -0.5, 0.0]
-15.912
Alignment finished
*****************
New Alignment
2020-08-27 09:41:58
[-0.00695, 0.0043, 141.0, 0.5, -0.5, 0.0]
-14.7477
[0.00075, 0.00705, 141.1762, 0.5, -0.5, 0.0]
-8.8654
[0.00695, 0.0084, 141.2294, 0.5, -0.5, 0.0]
-6.3585
[0.01015, 0.0085, 141.2484, 0.5, -0.5, 0.0]
-5.1167
[0.01185, 0.00945, 141.2635, 0.5, -0.5, 0.0]
-4.0882
[0.01335, 0.00975, 141.2756, 0.5, -0.5, 0.0]
-3.25
[0.0154, 0.0105, 141.2946, 0.5, -0.5, 0.0]
-1.9467
[0.01655, 0.011, 141.30865, 0.5, -0.5, 0.0]
-1.1048
[0.0174, 0.01145, 141.31945, 0.5, -0.5, 0.0]
-0.5953
[0.0179, 0.01165, 141.32675, 0.5, -0.5, 0.0]
-0.3882
[0.01795, 0.0116, 141.32905, 0.5, -0.5, 0.0]
-0.3555
[0.01815, 0.0118, 141.33135, 0.5, -0.5, 0.0]
-0.3296
[0.01825, 0.01175, 141.33365, 0.5, -0.5, 0.0]
-0.3083
[0.01855, 0.012, 141.33665, 0.5, -0.5, 0.0]
-0.3299
[0.0186, 0.0119, 141.33895, 0.5, -0.5, 0.0]
-0.3569
[0.01825, 0.01175, 141.33665, 0.5, -0.5, 0.0]
-0.308
Alignment finished
*****************
New Alignment
2020-08-27 10:04:18
[-0.00765, -0.00515, 141.0, 0.3, 0.1, 0.0]
-15.9734
[-0.0024, -0.00155, 141.1918, 0.3, 0.1, 0.0]
-10.5318
[0.00445, 0.0001, 141.2546, 0.3, 0.1, 0.0]
-7.7909
[0.00985, 0.0008, 141.3012, 0.3, 0.1, 0.0]
-5.3919
[0.0124, 0.00235, 141.3334, 0.3, 0.1, 0.0]
-3.1901
[0.01435, 0.00365, 141.3812, 0.3, 0.1, 0.0]
-0.4742
[0.01465, 0.0041, 141.3885, 0.3, 0.1, 0.0]
-0.4379
[0.01485, 0.0041, 141.3933, 0.3, 0.1, 0.0]
-0.5352
[0.01435, 0.00365, 141.3837, 0.3, 0.1, 0.0]
-0.423
Alignment finished
*****************
New Alignment
2020-08-27 10:07:10
[0.0165, 0.0112, 141.3837, 0.3, 0.1, 0.0]
-9.214
[0.02155, 0.0114, 141.4939, 0.3, 0.1, 0.0]
-2.7612
[0.0235, 0.0119, 141.5189, 0.3, 0.1, 0.0]
-1.2715
[0.02425, 0.0118, 141.53515, 0.3, 0.1, 0.0]
-0.6521
[0.02455, 0.01185, 141.53745, 0.3, 0.1, 0.0]
-0.6175
[0.0247, 0.0118, 141.53975, 0.3, 0.1, 0.0]
-0.6059
[0.0251, 0.01175, 141.54205, 0.3, 0.1, 0.0]
-0.59
[0.0253, 0.0118, 141.54435, 0.3, 0.1, 0.0]
-0.6048
[0.0255, 0.01155, 141.54665, 0.3, 0.1, 0.0]
-0.6478
[0.0251, 0.0118, 141.54205, 0.3, 0.1, 0.0]
-0.585
Alignment finished
*****************
New Alignment
2020-08-27 10:10:24
Alignment finished
*****************
New Alignment
2020-08-27 10:11:52
[0.00535, -0.0017, 141.0, 0.3, 0.1, 0.0]
-10.9816
[0.0071, 0.00095, 141.1648, 0.3, 0.1, 0.0]
-2.1409
[0.00905, 0.00135, 141.1898, 0.3, 0.1, 0.0]
-0.876
[0.0098, 0.00165, 141.20105, 0.3, 0.1, 0.0]
-0.6738
[0.0099, 0.0016, 141.20335, 0.3, 0.1, 0.0]
-0.6571
[0.0105, 0.00185, 141.20535, 0.3, 0.1, 0.0]
-0.6701
[0.0103, 0.00175, 141.20765, 0.3, 0.1, 0.0]
-0.7938
[0.0099, 0.00165, 141.20335, 0.3, 0.1, 0.0]
-0.655
Alignment finished
*****************
New Alignment
2020-08-27 10:15:25
[-0.00915, -0.0028, 141.0, 0.3, -0.3, 0.0]
-11.0932
[-0.00395, -0.00135, 141.133, 0.3, -0.3, 0.0]
-4.5626
[-0.0008, -0.0007, 141.1604, 0.3, -0.3, 0.0]
-2.7724
[0.00105, -0.0002, 141.177, 0.3, -0.3, 0.0]
-1.7338
[0.00225, 0.0001, 141.1938, 0.3, -0.3, 0.0]
-0.9352
[0.0032, 0.0003, 141.20505, 0.3, -0.3, 0.0]
-0.6616
[0.00335, 0.0002, 141.20985, 0.3, -0.3, 0.0]
-0.6367
[0.00345, 0.0001, 141.21215, 0.3, -0.3, 0.0]
-0.6509
[0.0036, 0.0001, 141.21445, 0.3, -0.3, 0.0]
-0.6822
[0.00335, 0.0003, 141.20985, 0.3, -0.3, 0.0]
-0.636
Alignment finished
*****************
New Alignment
2020-08-27 10:18:03
-0.548
Alignment finished
*****************
New Alignment
2020-08-27 10:18:08
[0.0024, -0.0, 141.19985, 0.3, -0.3, 0.0]
-0.4967
[0.00285, -5e-05, 141.20285, 0.3, -0.3, 0.0]
-0.4277
[0.003, -0.00015, 141.20515, 0.3, -0.3, 0.0]
-0.396
[0.0033, 0.0001, 141.20815, 0.3, -0.3, 0.0]
-0.3856
[0.00335, 0.0002, 141.21045, 0.3, -0.3, 0.0]
-0.3842
[-0.00875, -0.00335, 141.0, 0.3, -0.3, 0.0]
-10.8883
[-0.0038, -0.0016, 141.1306, 0.3, -0.3, 0.0]
-4.4544
[-0.00155, -0.00075, 141.1574, 0.3, -0.3, 0.0]
-2.7752
[0.0006, -0.0004, 141.174, 0.3, -0.3, 0.0]
-1.6808
[0.0017, -0.0001, 141.1908, 0.3, -0.3, 0.0]
-0.8097
[0.0025, 0.0002, 141.2008, 0.3, -0.3, 0.0]
-0.4695
[0.0028, -5e-05, 141.2056, 0.3, -0.3, 0.0]
-0.395
[0.00295, 0.0002, 141.2079, 0.3, -0.3, 0.0]
-0.4082
[0.0031, 0.00015, 141.2102, 0.3, -0.3, 0.0]
-0.3954
[0.0034, 0.00025, 141.2132, 0.3, -0.3, 0.0]
-0.4136
[0.00295, 0.0002, 141.2079, 0.3, -0.3, 0.0]
-0.387
Alignment finished
*****************
New Alignment
2020-08-27 10:27:14
[0.00075, -0.00155, 141.2079, 0.3, -0.3, 0.0]
-1.3296
[0.0017, -0.0012, 141.22415, 0.3, -0.3, 0.0]
-0.5989
[0.00235, -0.00125, 141.23395, 0.3, -0.3, 0.0]
-0.3884
[0.00245, -0.00135, 141.23875, 0.3, -0.3, 0.0]
-0.3872
[0.00265, -0.00115, 141.24175, 0.3, -0.3, 0.0]
-0.4561
[0.00235, -0.00125, 141.23645, 0.3, -0.3, 0.0]
-0.374
Alignment finished
*****************
New Alignment
2020-08-27 10:29:17
[0.00025, -0.0024, 141.22645, 0.3, -0.3, 0.0]
-0.4719
-0.392
Alignment finished
*****************
New Alignment
2020-08-27 11:28:12
[0.00315, -0.00065, 141.0, 0.3, -0.3, 0.0]
-13.3652
[0.00695, -0.00235, 141.107, 0.3, -0.3, 0.0]
-9.7495
[0.0137, -0.0046, 141.1941, 0.3, -0.3, 0.0]
-5.5095
[0.01555, -0.0057, 141.2434, 0.3, -0.3, 0.0]
-2.0532
[0.017, -0.00575, 141.2684, 0.3, -0.3, 0.0]
-0.4198
[0.01715, -0.00595, 141.2809, 0.3, -0.3, 0.0]
-0.3839
[0.0176, -0.00605, 141.2857, 0.3, -0.3, 0.0]
-0.3129
[0.017, -0.00575, 141.2784, 0.3, -0.3, 0.0]
-0.217
Alignment finished
*****************
New Alignment
2020-08-27 11:35:29
[0.01505, -0.00665, 141.2684, 0.3, -0.3, 0.0]
-0.3418
-0.231
Alignment finished
*****************
New Alignment
2020-08-27 13:06:51
[0.0035, 0.01035, 141.0, 0.3, -0.3, 0.0]
-13.4127
-13.41
Alignment finished
*****************
New Alignment
2020-08-27 13:07:21
[0.00335, 0.0092, 141.0, 0.3, -0.3, 0.0]
-13.4094
-13.40
Alignment finished
*****************
New Alignment
2020-08-27 13:07:51
[-0.00235, 0.0097, 141.0, 0.3, -0.3, 0.0]
-12.3556
[-0.01195, 0.0109, 141.099, 0.3, -0.3, 0.0]
-8.715
[-0.0142, 0.01165, 141.2032, 0.3, -0.3, 0.0]
-2.5696
[-0.01555, 0.0121, 141.2342, 0.3, -0.3, 0.0]
-0.5337
[-0.0161, 0.0124, 141.2415, 0.3, -0.3, 0.0]
-0.3481
[-0.01625, 0.0124, 141.2438, 0.3, -0.3, 0.0]
-0.3493
[-0.01635, 0.0124, 141.2461, 0.3, -0.3, 0.0]
-0.3483
[-0.01655, 0.01235, 141.2484, 0.3, -0.3, 0.0]
-0.36
[-0.0166, 0.01255, 141.2492, 0.3, -0.3, 0.0]
-0.3834
[-0.01635, 0.0124, 141.2461, 0.3, -0.3, 0.0]
-0.343
Alignment finished
*****************
New Alignment
2020-08-27 13:11:33
[0.00245, 0.00435, 141.0, 0.3, -0.3, 0.0]
-14.8134
[-0.00755, 0.00595, 141.1774, 0.3, -0.3, 0.0]
-9.1802
[-0.01255, 0.00695, 141.26, 0.3, -0.3, 0.0]
-4.6492
[-0.0148, 0.00785, 141.3012, 0.3, -0.3, 0.0]
-1.6463
[-0.01605, 0.0082, 141.309, 0.3, -0.3, 0.0]
-1.0057
[-0.01715, 0.0085, 141.3215, 0.3, -0.3, 0.0]
-0.4274
[-0.01755, 0.00855, 141.3263, 0.3, -0.3, 0.0]
-0.3398
[-0.01785, 0.00865, 141.3286, 0.3, -0.3, 0.0]
-0.3241
[-0.01805, 0.00855, 141.3309, 0.3, -0.3, 0.0]
-0.3328
[-0.0182, 0.00865, 141.3329, 0.3, -0.3, 0.0]
-0.353
[-0.01785, 0.00855, 141.3286, 0.3, -0.3, 0.0]
-0.323
Alignment finished
*****************
New Alignment
2020-08-27 13:24:56
-0.342
Alignment finished
*****************
New Alignment
2020-08-27 14:44:50
[-0.00505, 0.01045, 141.0, 0.3, -0.3, 0.0]
-11.7489
[-0.00185, 0.01415, 141.1051, 0.3, -0.3, 0.0]
-7.5112
[0.0042, 0.01575, 141.1499, 0.3, -0.3, 0.0]
-4.9563
[0.0069, 0.0165, 141.1797, 0.3, -0.3, 0.0]
-2.786
[0.00845, 0.018, 141.2131, 0.3, -0.3, 0.0]
-0.5487
[0.00885, 0.01815, 141.2256, 0.3, -0.3, 0.0]
-0.2872
[0.0089, 0.01825, 141.2279, 0.3, -0.3, 0.0]
-0.266
[0.009, 0.01835, 141.2299, 0.3, -0.3, 0.0]
-0.2896
[0.00915, 0.0184, 141.2329, 0.3, -0.3, 0.0]
-0.3423
[0.0089, 0.01825, 141.2299, 0.3, -0.3, 0.0]
-0.266
Alignment finished
*****************
New Alignment
2020-08-27 14:54:19
[0.01, 0.02025, 141.2199, 0.3, -0.3, 0.0]
-0.3823
[0.01015, 0.02065, 141.2222, 0.3, -0.3, 0.0]
-0.2926
-0.271
Alignment finished
*****************
New Alignment
2020-08-27 15:16:48
[0.00155, 0.00855, 141.0, 0.3, -0.3, 0.0]
-15.7583
[-0.0079, 0.0156, 141.1894, 0.3, -0.3, 0.0]
-10.5037
[-0.0116, 0.01915, 141.2522, 0.3, -0.3, 0.0]
-7.5831
[-0.0143, 0.0219, 141.2976, 0.3, -0.3, 0.0]
-4.9169
[-0.01565, 0.02315, 141.3268, 0.3, -0.3, 0.0]
-3.831
[-0.0179, 0.024, 141.338, 0.3, -0.3, 0.0]
-1.7906
[-0.01905, 0.02485, 141.3558, 0.3, -0.3, 0.0]
-0.6579
[-0.01945, 0.0253, 141.3606, 0.3, -0.3, 0.0]
-0.4772
[-0.01975, 0.0256, 141.3654, 0.3, -0.3, 0.0]
-0.3744
[-0.01995, 0.0259, 141.3677, 0.3, -0.3, 0.0]
-0.3562
[-0.0196, 0.0261, 141.3707, 0.3, -0.3, 0.0]
-0.3645
[-0.02015, 0.02615, 141.373, 0.3, -0.3, 0.0]
-0.3709
[-0.01995, 0.0259, 141.3677, 0.3, -0.3, 0.0]
-0.354
Alignment finished
*****************
New Alignment
2020-08-27 15:24:03
[-0.0212, 0.0249, 141.3577, 0.3, -0.3, 0.0]
-0.4067
-0.340
Alignment finished
*****************
New Alignment
2020-08-28 09:28:04
[0.00215, -0.0008, 141.0, 0.3, -0.3, 0.0]
-12.9452
[-0.00645, 0.0043, 141.103, 0.3, -0.3, 0.0]
-9.3046
[-0.00925, 0.0075, 141.2144, 0.3, -0.3, 0.0]
-3.2418
[-0.01035, 0.00885, 141.2334, 0.3, -0.3, 0.0]
-1.6627
[-0.0116, 0.0093, 141.2502, 0.3, -0.3, 0.0]
-0.6122
[-0.012, 0.0096, 141.255, 0.3, -0.3, 0.0]
-0.3822
[-0.0123, 0.00975, 141.2573, 0.3, -0.3, 0.0]
-0.3483
[-0.0124, 0.00975, 141.2596, 0.3, -0.3, 0.0]
-0.2812
[-0.0126, 0.0099, 141.2619, 0.3, -0.3, 0.0]
-0.2396
[-0.0127, 0.0099, 141.2642, 0.3, -0.3, 0.0]
-0.2344
[-0.013, 0.0101, 141.2672, 0.3, -0.3, 0.0]
-0.2671
[-0.0132, 0.01005, 141.2702, 0.3, -0.3, 0.0]
-0.3047
[-0.0127, 0.0099, 141.2642, 0.3, -0.3, 0.0]
-0.233
Alignment finished
*****************
New Alignment
2020-08-28 09:38:34
[-0.01145, 0.00885, 141.2542, 0.3, -0.3, 0.0]
-0.2777
-0.232
Alignment finished
*****************
New Alignment
2020-08-28 10:50:47
-15.43
Alignment finished
*****************
New Alignment
2020-08-28 10:51:25
[-0.00135, -0.00425, 141.0, 0.3, -0.3, 0.0]
-15.4214
[0.00815, -0.0107, 141.1846, 0.3, -0.3, 0.0]
-9.9997
[0.01145, -0.0135, 141.3044, 0.3, -0.3, 0.0]
-3.4039
[0.01285, -0.01435, 141.345, 0.3, -0.3, 0.0]
-0.4079
[0.0129, -0.0143, 141.3473, 0.3, -0.3, 0.0]
-0.3337
[0.0132, -0.01435, 141.3493, 0.3, -0.3, 0.0]
-0.2937
[0.0131, -0.01425, 141.3516, 0.3, -0.3, 0.0]
-0.2562
[0.0134, -0.0141, 141.3536, 0.3, -0.3, 0.0]
-0.2974
[0.0134, -0.01435, 141.3584, 0.3, -0.3, 0.0]
-0.2961
[0.0137, -0.01415, 141.3604, 0.3, -0.3, 0.0]
-0.3377
[0.0134, -0.01425, 141.3536, 0.3, -0.3, 0.0]
-0.252
Alignment finished
*****************
New Alignment
2020-08-28 11:03:36
[-0.0018, -0.00125, 141.0, 0.3, -0.3, 0.0]
-15.587
[0.00855, -0.007, 141.187, 0.3, -0.3, 0.0]
-10.2433
[0.01075, -0.01085, 141.3092, 0.3, -0.3, 0.0]
-4.1093
[0.013, -0.01105, 141.3459, 0.3, -0.3, 0.0]
-0.8036
[0.0138, -0.01095, 141.3559, 0.3, -0.3, 0.0]
-0.3589
[0.01425, -0.0109, 141.3579, 0.3, -0.3, 0.0]
-0.3357
[0.01455, -0.01095, 141.3627, 0.3, -0.3, 0.0]
-0.2532
[0.01505, -0.0109, 141.3647, 0.3, -0.3, 0.0]
-0.2436
[0.01535, -0.0109, 141.3667, 0.3, -0.3, 0.0]
-0.2597
[0.01515, -0.01085, 141.3687, 0.3, -0.3, 0.0]
-0.308
[0.01505, -0.0109, 141.3667, 0.3, -0.3, 0.0]
-0.243
Alignment finished
*****************
New Alignment
2020-08-28 11:15:25
[0.0116, -0.0092, 141.3667, 0.3, -0.3, 0.0]
-3.1457
[0.01385, -0.00925, 141.3944, 0.3, -0.3, 0.0]
-1.1698
[0.01435, -0.0086, 141.4094, 0.3, -0.3, 0.0]
-0.3937
[0.0149, -0.0088, 141.4117, 0.3, -0.3, 0.0]
-0.4106
-0.256
Alignment finished
*****************
New Alignment
2020-08-28 12:50:27
[-0.00335, 0.004, 141.0, 0.3, -0.3, 0.0]
-17.1936
[0.01045, 0.0098, 141.2062, 0.3, -0.3, 0.0]
-12.2886
[0.01475, 0.01245, 141.3044, 0.3, -0.3, 0.0]
-8.452
[0.018, 0.0142, 141.3552, 0.3, -0.3, 0.0]
-5.6858
[0.02, 0.0149, 141.3721, 0.3, -0.3, 0.0]
-4.5937
[0.02135, 0.0162, 141.3857, 0.3, -0.3, 0.0]
-3.5724
[0.0236, 0.0174, 141.4071, 0.3, -0.3, 0.0]
-2.1235
[0.02555, 0.0181, 141.4195, 0.3, -0.3, 0.0]
-1.1237
[0.02665, 0.0185, 141.42755, 0.3, -0.3, 0.0]
-0.6677
[0.02715, 0.0187, 141.43235, 0.3, -0.3, 0.0]
-0.474
[0.02745, 0.01865, 141.43465, 0.3, -0.3, 0.0]
-0.3933
[0.02775, 0.01885, 141.43665, 0.3, -0.3, 0.0]
-0.351
[0.02805, 0.0187, 141.43895, 0.3, -0.3, 0.0]
-0.2948
[0.02835, 0.01895, 141.44095, 0.3, -0.3, 0.0]
-0.2783
[0.02865, 0.01875, 141.44325, 0.3, -0.3, 0.0]
-0.2654
[0.02895, 0.019, 141.44525, 0.3, -0.3, 0.0]
-0.2722
[0.02905, 0.01895, 141.44755, 0.3, -0.3, 0.0]
-0.2709
[0.02865, 0.01875, 141.44325, 0.3, -0.3, 0.0]
-0.251
Alignment finished
*****************
New Alignment
2020-08-28 13:13:37
[0.02845, 0.0201, 141.44325, 0.3, -0.3, 0.0]
-5.7775
[0.0307, 0.021, 141.49525, 0.3, -0.3, 0.0]
-2.4485
[0.03235, 0.02195, 141.51665, 0.3, -0.3, 0.0]
-0.6044
-0.258
Alignment finished
*****************
New Alignment
2020-08-28 15:52:55
[-0.00365, -0.00505, 141.0, 0.3, -0.6, 0.0]
-17.811
[0.0079, -0.0078, 141.2134, 0.3, -0.6, 0.0]
-12.8287
[0.014, -0.00965, 141.2644, 0.3, -0.6, 0.0]
-11.2499
[0.02235, -0.01165, 141.365, 0.3, -0.6, 0.0]
-6.7895
[0.02175, -0.0139, 141.4668, 0.3, -0.6, 0.0]
-1.3915
[0.02205, -0.0151, 141.4771, 0.3, -0.6, 0.0]
-0.2747
[0.02195, -0.0154, 141.4779, 0.3, -0.6, 0.0]
-0.3503
[0.0224, -0.0151, 141.4799, 0.3, -0.6, 0.0]
-0.3431
[0.02205, -0.0151, 141.4779, 0.3, -0.6, 0.0]
-0.274
Alignment finished
*****************
New Alignment
2020-08-28 16:06:17
[0.0198, -0.01405, 141.4779, 0.3, -0.6, 0.0]
-4.103
[0.02205, -0.0156, 141.5146, 0.3, -0.6, 0.0]
-1.4706
[0.0228, -0.0159, 141.53335, 0.3, -0.6, 0.0]
-0.4431
-0.281
Alignment finished
*****************
New Alignment
2020-09-02 11:43:23
[-0.02725, -0.0006, 141.0, 0.3, -0.3, 0.0]
-18.1831
[-0.0117, -0.00685, 141.2182, 0.3, -0.3, 0.0]
-13.7842
[-0.00565, -0.01055, 141.3284, 0.3, -0.3, 0.0]
-10.0579
[-0.0013, -0.0117, 141.3888, 0.3, -0.3, 0.0]
-7.2303
[0.0038, -0.013, 141.4318, 0.3, -0.3, 0.0]
-4.7109
[0.0069, -0.01405, 141.4598, 0.3, -0.3, 0.0]
-2.8585
[0.0083, -0.0148, 141.4944, 0.3, -0.3, 0.0]
-0.5237
[0.00875, -0.01485, 141.4992, 0.3, -0.3, 0.0]
-0.453
[0.00895, -0.01495, 141.5065, 0.3, -0.3, 0.0]
-0.3466
[0.00895, -0.0154, 141.5113, 0.3, -0.3, 0.0]
-0.3348
[0.0091, -0.0149, 141.5121, 0.3, -0.3, 0.0]
-0.372
[0.00895, -0.01485, 141.5065, 0.3, -0.3, 0.0]
-0.27

Alignment finished
*****************
New Alignment
2020-09-02 11:56:20
[0.0102, -0.017, 141.5065, 0.3, -0.3, 0.0]
-8.6628
[0.01175, -0.01925, 141.6107, 0.3, -0.3, 0.0]
-2.7868
[0.01275, -0.0215, 141.6441, 0.3, -0.3, 0.0]
-0.5227
[0.01255, -0.022, 141.6539, 0.3, -0.3, 0.0]
-0.4535
[0.0133, -0.02205, 141.6559, 0.3, -0.3, 0.0]
-0.5237
[0.0137, -0.0225, 141.6589, 0.3, -0.3, 0.0]
-0.7344
[0.01255, -0.022, 141.6539, 0.3, -0.3, 0.0]
-0.447
Alignment finished
*****************
New Alignment
2020-09-02 11:57:41
[0.01105, -0.0218, 141.6539, 0.3, -0.3, 0.0]
-0.7769
[0.01165, -0.02195, 141.6639, 0.3, -0.3, 0.0]
-0.456
[0.01175, -0.02225, 141.6687, 0.3, -0.3, 0.0]
-0.412
[0.0124, -0.0219, 141.6707, 0.3, -0.3, 0.0]
-0.4302
[0.0122, -0.02205, 141.6755, 0.3, -0.3, 0.0]
-0.5022
[0.01175, -0.02225, 141.6695, 0.3, -0.3, 0.0]
-0.377
Alignment finished
*****************
New Alignment
2020-09-02 12:00:46
[0.0159, -0.02355, 141.6695, 0.3, -0.3, 0.0]
-6.9434
[0.01815, -0.0216, 141.7107, 0.3, -0.3, 0.0]
-5.0587
[0.0204, -0.02365, 141.71662, 0.3, -0.3, 0.0]
-3.7018
[0.0215, -0.0259, 141.7253, 0.3, -0.3, 0.0]
-3.055
[0.02375, -0.0249, 141.7344, 0.3, -0.3, 0.0]
-1.9299
[0.02375, -0.02495, 141.7439, 0.3, -0.3, 0.0]
-4.9661
[0.0256, -0.0257, 141.7497, 0.3, -0.3, 0.0]
-0.9132
[0.02555, -0.02765, 141.7542, 0.3, -0.3, 0.0]
-1.2163
[0.02405, -0.02855, 141.757, 0.3, -0.3, 0.0]
-0.9234
[0.025, -0.03005, 141.76825, 0.3, -0.3, 0.0]
-1.1372
[0.0265, -0.03095, 141.77905, 0.3, -0.3, 0.0]
-0.4788
[0.0258, -0.03015, 141.78385, 0.3, -0.3, 0.0]
-0.4425
[0.0267, -0.03105, 141.78615, 0.3, -0.3, 0.0]
-0.5176
[0.02715, -0.03195, 141.79095, 0.3, -0.3, 0.0]
-0.6476
[0.0258, -0.03095, 141.78385, 0.3, -0.3, 0.0]
-0.438
Alignment finished
*****************
New Alignment
2020-09-02 12:04:53
[0.0213, -0.0289, 141.78385, 0.3, -0.3, 0.0]
-12.9842
[0.0213, -0.0328, 141.93965, 0.3, -0.3, 0.0]
-14.9271
[0.0297, -0.03405, 141.94326, 0.3, -0.3, 0.0]
-6.4248
[0.0339, -0.03465, 141.98146, 0.3, -0.3, 0.0]
-3.9219
[0.03615, -0.03495, 142.00466, 0.3, -0.3, 0.0]
-2.612
[0.0383, -0.03525, 142.01226, 0.3, -0.3, 0.0]
-1.6534
[0.03935, -0.03545, 142.02056, 0.3, -0.3, 0.0]
-1.1461
[0.0406, -0.0347, 142.03136, 0.3, -0.3, 0.0]
-0.6397
[0.04075, -0.0351, 142.03616, 0.3, -0.3, 0.0]
-0.4921
[0.0414, -0.03515, 142.03816, 0.3, -0.3, 0.0]
-0.3687
[0.04185, -0.03525, 142.04296, 0.3, -0.3, 0.0]
-0.2864
[0.0419, -0.03555, 142.04526, 0.3, -0.3, 0.0]
-0.2766
[-0.03685, -0.0207, 141.0, 0.3, -0.3, 0.0]
-23.2597
[-0.00275, -0.0339, 141.4658, 0.3, -0.3, 0.0]
-17.1327
[0.0035, -0.0382, 141.6708, 0.3, -0.3, 0.0]
-12.287
[0.0088, -0.0405, 141.7198, 0.3, -0.3, 0.0]
-10.3976
[0.0147, -0.0417, 141.782, 0.3, -0.3, 0.0]
-7.5771
[0.0172, -0.04335, 141.8502, 0.3, -0.3, 0.0]
-3.548
[0.01945, -0.04415, 141.892, 0.3, -0.3, 0.0]
-0.6633
[0.01985, -0.044, 141.894, 0.3, -0.3, 0.0]
-0.53
[0.0203, -0.04395, 141.896, 0.3, -0.3, 0.0]
-0.5052
[0.0206, -0.044, 141.9008, 0.3, -0.3, 0.0]
-0.4069
[0.02045, -0.0443, 141.9038, 0.3, -0.3, 0.0]
-0.4676
[0.0211, -0.04415, 141.9058, 0.3, -0.3, 0.0]
-0.4854
[0.0206, -0.044, 141.9038, 0.3, -0.3, 0.0]
-0.406
Alignment finished
*****************
New Alignment
2020-09-02 12:16:50
[0.013, -0.0368, 141.9038, 0.1, -0.3, 0.0]
-13.113
[0.0208, -0.03965, 142.0084, 0.1, -0.3, 0.0]
-9.4225
[0.02675, -0.04095, 142.0646, 0.1, -0.3, 0.0]
-6.6941
[0.0299, -0.04265, 142.1448, 0.1, -0.3, 0.0]
-1.3828
[0.0308, -0.04295, 142.1623, 0.1, -0.3, 0.0]
-0.3838
[0.03085, -0.04325, 142.1671, 0.1, -0.3, 0.0]
-0.3418
[0.031, -0.043, 142.1691, 0.1, -0.3, 0.0]
-0.365
[0.0309, -0.043, 142.1714, 0.1, -0.3, 0.0]
-0.3641
[0.03105, -0.0431, 142.1722, 0.1, -0.3, 0.0]
-0.4415
[0.031, -0.043, 142.1691, 0.1, -0.3, 0.0]
-0.333
Alignment finished
*****************
New Alignment
2020-09-02 12:22:46
[0.0293, -0.04335, 142.1691, 0.1, -0.3, 0.0]
-8.182
[0.03155, -0.0435, 142.2181, 0.1, -0.3, 0.0]
-4.5957
[0.0338, -0.0437, 142.2317, 0.1, -0.3, 0.0]
-3.5358
[0.0352, -0.0436, 142.242, 0.1, -0.3, 0.0]
-3.5093
[0.0365, -0.04375, 142.2523, 0.1, -0.3, 0.0]
-3.7846
[0.03875, -0.04465, 142.2635, 0.1, -0.3, 0.0]
-4.3804
[0.0352, -0.0436, 142.242, 0.1, -0.3, 0.0]
-3.466
Alignment finished
*****************
New Alignment
2020-09-02 12:23:45
[0.03075, -0.04395, 142.242, 0.1, -0.3, 0.0]
-6.5832
[0.033, -0.043, 142.2616, 0.1, -0.3, 0.0]
-4.9292
[0.03525, -0.04355, 142.2761, 0.1, -0.3, 0.0]
-3.906
[0.0375, -0.0439, 142.2876, 0.1, -0.3, 0.0]
-3.6781
[0.03835, -0.0443, 142.2985, 0.1, -0.3, 0.0]
-3.5731
[0.0397, -0.04455, 142.3091, 0.1, -0.3, 0.0]
-3.9057
[0.0414, -0.04495, 142.3206, 0.1, -0.3, 0.0]
-4.5627
[0.03835, -0.0443, 142.2985, 0.1, -0.3, 0.0]
-3.566
Alignment finished
*****************
New Alignment
2020-09-02 12:24:37
[0.0361, -0.04455, 142.2985, 0.1, -0.3, 0.0]
-3.5922
[0.03765, -0.04445, 142.3091, 0.1, -0.3, 0.0]
-3.4708
[0.03895, -0.0446, 142.3194, 0.1, -0.3, 0.0]
-3.613
[0.0402, -0.0447, 142.33, 0.1, -0.3, 0.0]
-4.0567
[0.03765, -0.04455, 142.3091, 0.1, -0.3, 0.0]
-3.433
Alignment finished
*****************
New Alignment
2020-09-02 12:29:22
[0.02925, -0.0412, 142.3091, 0.1, -0.3, 0.0]
-7.876
[0.03395, -0.04155, 142.38, 0.1, -0.3, 0.0]
-3.5208
[0.0343, -0.04305, 142.4323, 0.1, -0.3, 0.0]
-0.4161
[0.0342, -0.0432, 142.4421, 0.1, -0.3, 0.0]
-0.4276
[0.03405, -0.04335, 142.4444, 0.1, -0.3, 0.0]
-0.4345
[0.0343, -0.04305, 142.4398, 0.1, -0.3, 0.0]
-0.342
Alignment finished
*****************
New Alignment
2020-09-02 12:33:47
[0.03205, -0.04415, 142.4398, 0.1, -0.3, 0.0]
-2.0497
[0.0302, -0.0461, 142.4696, 0.1, -0.3, 0.0]
-1.2452
[0.0303, -0.045, 142.4724, 0.1, -0.3, 0.0]
-1.3868
[0.03015, -0.0456, 142.4757, 0.1, -0.3, 0.0]
-1.5766
[0.0302, -0.0461, 142.4724, 0.1, -0.3, 0.0]
-1.245
Alignment finished
*****************
New Alignment
2020-09-02 12:34:43
[0.02795, -0.04485, 142.4724, 0.1, -0.3, 0.0]
-0.7814
[0.02865, -0.04515, 142.4824, 0.1, -0.3, 0.0]
-0.8831
[0.02845, -0.04535, 142.49365, 0.1, -0.3, 0.0]
-1.3579
[0.02795, -0.04485, 142.4724, 0.1, -0.3, 0.0]
-0.781
Alignment finished
*****************
New Alignment
2020-09-02 12:35:24
[0.026, -0.0442, 142.4724, 0.1, -0.3, 0.0]
-1.4912
[0.0268, -0.0448, 142.49115, 0.1, -0.3, 0.0]
-0.9945
[0.027, -0.0449, 142.50365, 0.1, -0.3, 0.0]
-0.8478
[0.0276, -0.0451, 142.50965, 0.1, -0.3, 0.0]
-1.0674
[0.0268, -0.0448, 142.49865, 0.1, -0.3, 0.0]
-0.763
Alignment finished
*****************
New Alignment
2020-09-02 12:36:52
[0.02455, -0.044, 142.49865, 0.1, -0.3, 0.0]
-1.9077
[0.0253, -0.0445, 142.51745, 0.1, -0.3, 0.0]
-0.8432
[0.0261, -0.0444, 142.52545, 0.1, -0.3, 0.0]
-0.7387
[0.0261, -0.0446, 142.53025, 0.1, -0.3, 0.0]
-0.9411
[0.0269, -0.0446, 142.5325, 0.1, -0.3, 0.0]
-0.8628
[0.0261, -0.0444, 142.52545, 0.1, -0.3, 0.0]
-0.738
Alignment finished
*****************
New Alignment
2020-09-02 12:38:15
[0.02435, -0.04635, 142.52545, 0.1, -0.3, 0.0]
-1.0918
[0.02565, -0.04505, 142.528, 0.1, -0.3, 0.0]
-1.0794
[0.0246, -0.04355, 142.53055, 0.1, -0.3, 0.0]
-0.9311
[0.0255, -0.0438, 142.5373, 0.1, -0.3, 0.0]
-0.7592
[0.0262, -0.0441, 142.5433, 0.1, -0.3, 0.0]
-0.7479
[0.0263, -0.04415, 142.5456, 0.1, -0.3, 0.0]
-0.8245
[0.02705, -0.04405, 142.5476, 0.1, -0.3, 0.0]
-0.833
[0.0262, -0.0441, 142.5433, 0.1, -0.3, 0.0]
-0.746
Alignment finished
*****************
New Alignment
2020-09-02 12:39:34
[0.0257, -0.04305, 142.5433, 0.1, -0.3, 0.0]
-0.7913
[0.02655, -0.04325, 142.5493, 0.1, -0.3, 0.0]
-0.8227
[0.02735, -0.0431, 142.5573, 0.1, -0.3, 0.0]
-1.0176
[0.02785, -0.0435, 142.5621, 0.1, -0.3, 0.0]
-1.0496
[0.02655, -0.04325, 142.5513, 0.1, -0.3, 0.0]
-0.754
Alignment finished
*****************
New Alignment
2020-09-02 13:15:03
[0.00105, -0.006, 141.0, 0.3, -0.3, 0.0]
-12.4777
[0.0053, -0.0083, 141.0998, 0.3, -0.3, 0.0]
-8.7949
[0.0116, -0.01035, 141.1524, 0.3, -0.3, 0.0]
-6.291
[0.0116, -0.0114, 141.2089, 0.3, -0.3, 0.0]
-6.0538
[0.0152, -0.0117, 141.21602, 0.3, -0.3, 0.0]
-1.7479
[0.01585, -0.01175, 141.23727, 0.3, -0.3, 0.0]
-0.4815
[0.016, -0.01205, 141.24207, 0.3, -0.3, 0.0]
-0.3901
[0.0163, -0.01215, 141.24687, 0.3, -0.3, 0.0]
-0.3256
[0.0165, -0.01245, 141.25417, 0.3, -0.3, 0.0]
-0.3369
[0.01665, -0.01255, 141.25617, 0.3, -0.3, 0.0]
-0.3965
[0.0163, -0.01215, 141.24937, 0.3, -0.3, 0.0]
-0.290
Alignment finished
*****************
New Alignment
2020-09-02 13:19:03
[0.0235, -0.008, 141.24937, 0.3, -0.3, 0.0]
-14.0207
[0.03015, -0.01185, 141.36117, 0.3, -0.3, 0.0]
-10.4625
[0.0376, -0.01205, 141.42397, 0.3, -0.3, 0.0]
-7.6558
[0.0428, -0.01325, 141.46997, 0.3, -0.3, 0.0]
-5.0641
[0.0449, -0.0155, 141.54627, 0.3, -0.3, 0.0]
-0.3194
[0.04505, -0.015, 141.55107, 0.3, -0.3, 0.0]
-0.3693
[0.0452, -0.01515, 141.55337, 0.3, -0.3, 0.0]
-0.408
[0.0449, -0.0155, 141.54877, 0.3, -0.3, 0.0]
-0.309
Alignment finished
*****************
New Alignment
2020-09-02 13:23:28
[0.04485, -0.0183, 141.54877, 0.3, -0.3, 0.0]
-3.6162
[0.0442, -0.0198, 141.60257, 0.3, -0.3, 0.0]
-0.2871
[0.0449, -0.0199, 141.60457, 0.3, -0.3, 0.0]
-0.4457
[0.04425, -0.0202, 141.60937, 0.3, -0.3, 0.0]
-0.4356
[0.0442, -0.0198, 141.60457, 0.3, -0.3, 0.0]
-0.287
Alignment finished
*****************
New Alignment
2020-09-02 13:28:11
[0.04195, -0.01975, 141.60457, 0.6, -0.3, 0.0]
-0.5265
[0.04165, -0.01965, 141.60687, 0.6, -0.3, 0.0]
-0.5092
[0.04205, -0.01935, 141.60887, 0.6, -0.3, 0.0]
-0.5567
[0.0417, -0.01955, 141.60967, 0.6, -0.3, 0.0]
-0.6173
[0.04165, -0.01965, 141.60687, 0.6, -0.3, 0.0]
-0.485
Alignment finished
*****************
New Alignment
2020-09-02 13:28:52
-0.281
Alignment finished
*****************
New Alignment
2020-09-02 13:32:11
[0.0406, -0.0163, 141.60687, -0.4, -0.7, 0.0]
-1.0072
-0.267
Alignment finished
*****************
New Alignment
2020-09-03 09:42:53
[-0.01325, -0.00185, 141.0, 0.3, -0.3, 0.0]
-9.9805
[-0.011, -0.0041, 141.2398, 0.3, -0.3, 0.0]
-3.1915
[-0.00875, -0.00635, 141.278, 0.3, -0.3, 0.0]
-3.1268
[-0.0065, -0.0086, 141.315, 0.3, -0.3, 0.0]
-3.8918
[-0.00425, -0.01085, 141.3499, 0.3, -0.3, 0.0]
-5.2996
Alignment finished
*****************
New Alignment
2020-09-03 09:43:57
[-0.0134, -0.0013, 141.0, 0.3, -0.3, 0.0]
-9.9313
[-0.01115, -0.00325, 141.2077, 0.3, -0.3, 0.0]
-2.5356
[-0.0092, -0.00475, 141.22645, 0.3, -0.3, 0.0]
-1.7657
[-0.0077, -0.00625, 141.23489, 0.3, -0.3, 0.0]
-1.2666
-0.957
Alignment finished
*****************
New Alignment
2020-09-03 09:48:16
[-0.0166, -0.0027, 141.0, 0.3, -0.3, 0.0]
-9.8136
[-0.01435, -0.00465, 141.235, 0.3, -0.3, 0.0]
-2.4722
[-0.0121, -0.0066, 141.2723, 0.3, -0.3, 0.0]
-2.3917
[-0.00985, -0.00855, 141.2937, 0.3, -0.3, 0.0]
-2.7058
[-0.0076, -0.0108, 141.3178, 0.3, -0.3, 0.0]
-3.4907
[-0.0121, -0.0066, 141.2937, 0.3, -0.3, 0.0]
-2.391
Alignment finished
*****************
New Alignment
2020-09-03 09:49:08
[-0.0183, -0.00225, 141.0, 0.3, -0.3, 0.0]
-9.808
[-0.01605, -0.0042, 141.2056, 0.3, -0.3, 0.0]
-2.6087
[-0.0141, -0.00615, 141.2132, 0.3, -0.3, 0.0]
-1.9374
[-0.0126, -0.0068, 141.22212, 0.3, -0.3, 0.0]
-1.4915
[0.00325, -0.0064, 141.0, 0.3, -0.3, 0.0]
-6.6358
[0.0076, -0.0091, 141.1384, 0.3, -0.3, 0.0]
-0.741
[0.01015, -0.0089, 141.1627, 0.3, -0.3, 0.0]
-0.3722
[0.0112, -0.0094, 141.1702, 0.3, -0.3, 0.0]
-0.3345
[0.01155, -0.0097, 141.1732, 0.3, -0.3, 0.0]
-0.328
[0.01175, -0.00975, 141.1747, 0.3, -0.3, 0.0]
-0.3265
[0.0112, -0.0094, 141.1732, 0.3, -0.3, 0.0]
-0.326
Alignment finished
*****************
New Alignment
2020-09-03 12:14:48
[0.002, 0.00925, 141.0, 0.3, -0.3, 0.0]
-8.4362
Alignment finished
*****************
New Alignment
2020-09-03 12:15:55
[0.00295, 0.0086, 141.0, 0.3, -0.3, 0.0]
-8.4333
[0.00745, 0.00675, 141.2014, 0.3, -0.3, 0.0]
-0.5437
[0.01005, 0.00705, 141.2072, 0.3, -0.3, 0.0]
-0.3797
[0.0111, 0.0071, 141.2177, 0.3, -0.3, 0.0]
-0.3237
[0.0114, 0.0066, 141.2222, 0.3, -0.3, 0.0]
-0.3158
[0.0117, 0.0067, 141.2235, 0.3, -0.3, 0.0]
-0.3163
[0.0111, 0.0071, 141.2222, 0.3, -0.3, 0.0]
-0.316
Alignment finished
*****************
New Alignment
2020-09-03 12:19:40
-0.323
Alignment finished
*****************
New Alignment
2020-09-03 13:45:25
[0.00525, -0.0211, 141.0, 0.3, -0.3, 0.0]
-7.0631
Alignment finished
*****************
New Alignment
2020-09-03 13:45:48
[0.00495, -0.02095, 141.0, 0.3, -0.3, 0.0]
-7.0628
[0.00945, -0.02245, 141.1489, 0.3, -0.3, 0.0]
-0.9617
[0.01215, -0.02185, 141.1664, 0.3, -0.3, 0.0]
-0.4806
[0.01425, -0.0218, 141.1739, 0.3, -0.3, 0.0]
-0.3615
[0.01525, -0.02175, 141.1829, 0.3, -0.3, 0.0]
-0.3102
[0.01575, -0.022, 141.1872, 0.3, -0.3, 0.0]
-0.3018
[0.01565, -0.0218, 141.1887, 0.3, -0.3, 0.0]
-0.3004
[0.01525, -0.02175, 141.1872, 0.3, -0.3, 0.0]
-0.300
Alignment finished
*****************
New Alignment
2020-09-03 13:50:32
-0.313
Alignment finished
*****************
New Alignment
2020-09-03 15:33:23
[0.011, -0.0186, 141.0, 0.3, -0.3, 0.0]
-7.5549
[0.0155, -0.0221, 141.1594, 0.3, -0.3, 0.0]
-0.9954
Alignment finished
*****************
New Alignment
2020-09-03 15:34:32
[0.00615, -0.0176, 141.0, 0.3, -0.3, 0.0]
-10.4732
[0.01565, -0.02135, 141.2518, 0.3, -0.3, 0.0]
-0.8061
[0.01765, -0.0225, 141.2798, 0.3, -0.3, 0.0]
-0.3321
[0.01805, -0.02295, 141.2888, 0.3, -0.3, 0.0]
-0.2993
[0.01815, -0.0228, 141.2903, 0.3, -0.3, 0.0]
-0.2984
[0.01765, -0.0225, 141.2888, 0.3, -0.3, 0.0]
-0.298
Alignment finished
*****************
New Alignment
2020-09-03 15:37:33
-0.309
Alignment finished
*****************
New Alignment
2020-09-03 16:27:53
[0.00085, -5e-05, 141.0, 0.3, -0.3, 0.0]
-16.1168
[0.00525, -0.006, 141.1286, 0.3, -0.3, 0.0]
-12.1941
[0.01095, -0.01095, 141.226, 0.3, -0.3, 0.0]
-7.6666
[0.0117, -0.0143, 141.272, 0.3, -0.3, 0.0]
-4.9292
[0.0118, -0.01605, 141.3012, 0.3, -0.3, 0.0]
-3.7285
[0.01275, -0.01645, 141.3121, 0.3, -0.3, 0.0]
-2.4143
[0.01355, -0.0166, 141.31526, 0.3, -0.3, 0.0]
-2.1403
[0.0135, -0.0164, 141.31624, 0.3, -0.3, 0.0]
-2.1564
[0.01335, -0.01645, 141.31912, 0.3, -0.3, 0.0]
-2.1602
[0.01355, -0.01645, 141.31526, 0.3, -0.3, 0.0]
-2.137
Alignment finished
*****************
New Alignment
2020-09-03 16:37:48
[-0.0013, -0.00605, 141.0, 0.3, -0.3, 0.0]
-14.1377
[0.0033, -0.01105, 141.1126, 0.3, -0.3, 0.0]
-9.7125
[0.00895, -0.0137, 141.1706, 0.3, -0.3, 0.0]
-6.5149
[0.011, -0.01535, 141.2094, 0.3, -0.3, 0.0]
-3.7173
[0.0127, -0.0161, 141.2425, 0.3, -0.3, 0.0]
-2.146
[0.01265, -0.0161, 141.24524, 0.3, -0.3, 0.0]
-2.0336
[0.01315, -0.0164, 141.24616, 0.3, -0.3, 0.0]
-2.0659
[0.01305, -0.0162, 141.24643, 0.3, -0.3, 0.0]
-2.1425
[0.01265, -0.0161, 141.24524, 0.3, -0.3, 0.0]
-2.034
Alignment finished
*****************
New Alignment
2020-09-03 16:48:57
[-0.0032, -0.00665, 141.0, 0.3, -0.3, 0.0]
-14.1523
[0.00035, -0.011, 141.1134, 0.3, -0.3, 0.0]
-9.9202
[0.0049, -0.01265, 141.1429, 0.3, -0.3, 0.0]
-8.2007
[0.0087, -0.01435, 141.1919, 0.3, -0.3, 0.0]
-4.9656
Alignment finished
*****************
New Alignment
2020-09-03 16:49:22
[-0.00275, -0.00575, 141.0, 0.3, -0.3, 0.0]
-14.1106
[0.00215, -0.011, 141.1126, 0.3, -0.3, 0.0]
-9.6992
[0.00795, -0.01375, 141.1706, 0.3, -0.3, 0.0]
-6.437
[0.01015, -0.01515, 141.2088, 0.3, -0.3, 0.0]
-3.5507
[0.01185, -0.01635, 141.241, 0.3, -0.3, 0.0]
-2.0742
[0.0122, -0.017, 141.2534, 0.3, -0.3, 0.0]
-2.4393
[0.0131, -0.01765, 141.2676, 0.3, -0.3, 0.0]
-3.2059
[0.01185, -0.01635, 141.241, 0.3, -0.3, 0.0]
-2.073
Alignment finished
*****************
New Alignment
2020-09-03 16:58:15
[-0.00955, -0.00675, 141.0, 0.3, -0.3, 0.0]
-13.8499
[-0.00465, -0.0099, 141.1102, 0.3, -0.3, 0.0]
-9.3365
[-0.00245, -0.01085, 141.1379, 0.3, -0.3, 0.0]
-7.866
[0.0015, -0.0111, 141.1614, 0.3, -0.3, 0.0]
-6.3265
[0.004, -0.0118, 141.199, 0.3, -0.3, 0.0]
-3.3961
[0.00565, -0.0117, 141.2192, 0.3, -0.3, 0.0]
-2.2292
[0.00655, -0.012, 141.2388, 0.3, -0.3, 0.0]
-2.2376
[0.00695, -0.01265, 141.2452, 0.3, -0.3, 0.0]
-2.5168
[0.00565, -0.0117, 141.2258, 0.3, -0.3, 0.0]
-2.161
Alignment finished
*****************
New Alignment
2020-09-03 17:01:00
[-0.01025, -0.00635, 141.0, 0.3, -0.3, 0.0]
-13.8497
[-0.00485, -0.0098, 141.1102, 0.3, -0.3, 0.0]
-9.3474
[-0.0022, -0.01025, 141.1379, 0.3, -0.3, 0.0]
-7.8152
[0.001, -0.0105, 141.1611, 0.3, -0.3, 0.0]
-6.3955
[0.004, -0.0118, 141.1993, 0.3, -0.3, 0.0]
-3.3855
[0.0055, -0.0121, 141.2195, 0.3, -0.3, 0.0]
-2.2087
[0.0067, -0.0126, 141.2391, 0.3, -0.3, 0.0]
-2.2322
[0.00715, -0.01255, 141.2455, 0.3, -0.3, 0.0]
-2.4842
[0.0055, -0.0121, 141.2261, 0.3, -0.3, 0.0]
-2.122
Alignment finished
*****************
New Alignment
2020-09-03 17:04:43
[-0.004, -0.00555, 141.0, 0.3, -0.3, 0.0]
-2.9276
Alignment finished
*****************
New Alignment
2020-09-03 17:05:18
[-0.0046, -0.0008, 141.0, 0.3, -0.3, 0.0]
-13.1062
[-0.0004, -0.0029, 141.1046, 0.3, -0.3, 0.0]
-8.5645
[0.00185, -0.0038, 141.1302, 0.3, -0.3, 0.0]
-7.1634
[0.00455, -0.0041, 141.1516, 0.3, -0.3, 0.0]
-5.6638
[0.00775, -0.0054, 141.1856, 0.3, -0.3, 0.0]
-3.2303
[0.00935, -0.00505, 141.2046, 0.3, -0.3, 0.0]
-2.3438
[0.01015, -0.0056, 141.2182, 0.3, -0.3, 0.0]
-2.2572
[0.0105, -0.0057, 141.2318, 0.3, -0.3, 0.0]
-2.8547
[0.0111, -0.006, 141.2403, 0.3, -0.3, 0.0]
-3.4387
[0.01015, -0.0056, 141.2182, 0.3, -0.3, 0.0]
-2.223
Alignment finished
*****************
New Alignment
2020-09-04 10:11:48
[-0.0043, -0.0003, 141.0, 0.3, -0.3, 0.0]
-11.4998
[0.0006, -0.0041, 141.1033, 0.3, -0.3, 0.0]
-7.1321
[0.00525, -0.0051, 141.1457, 0.3, -0.3, 0.0]
-4.5831
[0.00795, -0.0065, 141.1731, 0.3, -0.3, 0.0]
-2.6314
[0.0097, -0.00615, 141.2041, 0.3, -0.3, 0.0]
-0.6188
[0.0099, -0.00615, 141.2114, 0.3, -0.3, 0.0]
-0.4749
[0.0105, -0.00625, 141.2162, 0.3, -0.3, 0.0]
-0.3628
[0.0106, -0.00655, 141.2185, 0.3, -0.3, 0.0]
-0.3434
[0.01075, -0.0066, 141.2225, 0.3, -0.3, 0.0]
-0.3942
[0.0105, -0.00625, 141.2185, 0.3, -0.3, 0.0]
-0.345
Alignment finished
*****************
New Alignment
2020-09-04 10:15:17
[0.01185, -0.004, 141.2085, 0.3, -0.3, 0.0]
-0.9612
[0.01175, -0.0031, 141.2183, 0.3, -0.3, 0.0]
-0.5334
[0.0123, -0.0029, 141.2203, 0.3, -0.3, 0.0]
-0.4658
[0.0125, -0.0026, 141.2233, 0.3, -0.3, 0.0]
-0.5564
[0.01235, -0.00275, 141.2256, 0.3, -0.3, 0.0]
-0.5887
[0.0123, -0.0031, 141.2203, 0.3, -0.3, 0.0]
-0.442
Alignment finished
*****************
New Alignment
2020-09-04 10:16:33
[0.0125, -0.0033, 141.2103, 0.3, -0.3, 0.0]
-0.7861
[0.0131, -0.0032, 141.2163, 0.3, -0.3, 0.0]
-1.1631
[0.0132, -0.0038, 141.2191, 0.3, -0.3, 0.0]
-1.2369
[0.0125, -0.0031, 141.2103, 0.3, -0.3, 0.0]
-0.723
Alignment finished
*****************
New Alignment
2020-09-04 10:17:58
[0.0107, -0.00215, 141.2003, 0.3, -0.3, 0.0]
-2.3983
[0.01265, -0.00295, 141.2361, 0.3, -0.3, 0.0]
-0.4652
-0.359
Alignment finished
*****************
New Alignment
2020-09-04 11:06:44
[-0.0051, 0.00045, 141.0, 0.3, -0.3, 0.0]
-12.6629
[-0.01565, -0.0027, 141.1522, 0.3, -0.3, 0.0]
-6.626
[-0.0179, -0.0042, 141.251, 0.3, -0.3, 0.0]
-0.3672
[-0.01845, -0.004, 141.2533, 0.3, -0.3, 0.0]
-0.3308
[-0.0185, -0.0036, 141.2581, 0.3, -0.3, 0.0]
-0.3266
[-0.01855, -0.00345, 141.2589, 0.3, -0.3, 0.0]
-0.3341
[-0.01845, -0.004, 141.2558, 0.3, -0.3, 0.0]
-0.289
Alignment finished
*****************
New Alignment
2020-09-04 11:09:45
-0.307
Alignment finished
*****************
New Alignment
2020-09-04 12:33:01
[0.00915, -0.00575, 141.0, 0.3, -0.3, 0.0]
-15.1559
[-0.0008, -0.0053, 141.1822, 0.3, -0.3, 0.0]
-9.6696
[-0.0042, -0.00435, 141.2693, 0.3, -0.3, 0.0]
-5.4127
[-0.00675, -0.0033, 141.3015, 0.3, -0.3, 0.0]
-2.7897
[-0.009, -0.0029, 141.3265, 0.3, -0.3, 0.0]
-0.7705
[-0.00965, -0.0025, 141.3365, 0.3, -0.3, 0.0]
-0.3644
[-0.0101, -0.0024, 141.3438, 0.3, -0.3, 0.0]
-0.3022
[-0.0103, -0.0023, 141.3511, 0.3, -0.3, 0.0]
-0.3586
[-0.0106, -0.0025, 141.3534, 0.3, -0.3, 0.0]
-0.4531
[-0.0101, -0.0025, 141.3438, 0.3, -0.3, 0.0]
-0.236
Alignment finished
*****************
New Alignment
2020-09-04 12:38:25
[-0.00885, 0.0007, 141.3338, 0.3, -0.3, 0.0]
-0.3953
-0.224
Alignment finished
*****************
New Alignment
2020-09-04 13:58:50
[0.00135, -0.00265, 141.0, 0.7, -0.3, 0.0]
-14.7892
[0.0135, -0.0051, 141.1774, 0.7, -0.3, 0.0]
-9.2975
[0.0172, -0.0058, 141.2609, 0.7, -0.3, 0.0]
-4.9343
[0.019, -0.00565, 141.3048, 0.7, -0.3, 0.0]
-2.2408
[0.02035, -0.00625, 141.3211, 0.7, -0.3, 0.0]
-0.7586
[0.02125, -0.0064, 141.3251, 0.7, -0.3, 0.0]
-0.3057
[0.0217, -0.00655, 141.3271, 0.7, -0.3, 0.0]
-0.2983
[0.02165, -0.00655, 141.3294, 0.7, -0.3, 0.0]
-0.2652
[0.0221, -0.0064, 141.3314, 0.7, -0.3, 0.0]
-0.2337
[0.0224, -0.0065, 141.3334, 0.7, -0.3, 0.0]
-0.5072
[0.02245, -0.0064, 141.3382, 0.7, -0.3, 0.0]
-0.3245
[0.0221, -0.0064, 141.3314, 0.7, -0.3, 0.0]
-0.235
Alignment finished
*****************
New Alignment
2020-09-04 14:03:42
[0.01985, -0.00645, 141.3214, 0.7, -0.3, 0.0]
-0.8878
[0.01965, -0.0064, 141.3304, 0.7, -0.3, 0.0]
-0.3019
[0.01995, -0.00625, 141.3324, 0.7, -0.3, 0.0]
-0.3906
[0.01985, -0.00645, 141.3259, 0.7, -0.3, 0.0]
-0.303
Alignment finished
*****************
New Alignment
2020-09-04 14:05:02
[0.0176, -0.0071, 141.3159, 0.7, -0.3, 0.0]
-1.0378
[0.01795, -0.0068, 141.3284, 0.7, -0.3, 0.0]
-0.333
-0.250
Alignment finished
*****************
New Alignment
2020-09-04 14:58:01
[-0.04565, -0.01145, 141.0, 0.7, -0.3, 0.0]
-10.8837
[-0.0589, -0.00695, 141.2287, 0.7, -0.3, 0.0]
-2.3154
[-0.06075, -0.0063, 141.28485, 0.7, -0.3, 0.0]
-0.9728
[-0.06095, -0.0062, 141.28965, 0.7, -0.3, 0.0]
-0.9651
[-0.0612, -0.0061, 141.29195, 0.7, -0.3, 0.0]
-0.9662
[-0.06075, -0.0063, 141.28965, 0.7, -0.3, 0.0]
-0.966
Alignment finished
*****************
New Alignment
2020-09-04 15:02:13
[-0.057, -0.0069, 141.28965, 0.7, -0.3, 0.0]
-6.9165
[-0.06285, -0.0071, 141.43435, 0.7, -0.3, 0.0]
-1.104
[-0.0647, -0.0065, 141.4481, 0.7, -0.3, 0.0]
-0.9749
[-0.06505, -0.0063, 141.4531, 0.7, -0.3, 0.0]
-0.9628
[-0.0652, -0.0062, 141.4556, 0.7, -0.3, 0.0]
-0.9612
[-0.0647, -0.0065, 141.4531, 0.7, -0.3, 0.0]
-0.962
Alignment finished
*****************
New Alignment
2020-09-04 15:06:32
[-0.05285, -0.0088, 141.4531, 0.7, -0.3, 0.0]
-9.1766
[-0.06355, -0.009, 141.6461, 0.7, -0.3, 0.0]
-1.2583
[-0.06625, -0.00835, 141.6849, 0.7, -0.3, 0.0]
-0.3391
[-0.06745, -0.0078, 141.6954, 0.7, -0.3, 0.0]
-0.2883
[-0.0677, -0.00785, 141.6984, 0.7, -0.3, 0.0]
-0.284
[-0.06715, -0.0078, 141.7014, 0.7, -0.3, 0.0]
-0.2906
[-0.06745, -0.0078, 141.6984, 0.7, -0.3, 0.0]
-0.284
Alignment finished
*****************
New Alignment
2020-09-04 15:10:28
[-0.07195, -0.0105, 141.6884, 0.7, -0.3, 0.0]
-0.4748
-0.291
Alignment finished
*****************
New Alignment
2020-09-04 15:43:22
[0.01105, 0.0295, 141.0, 0.5, -0.3, 0.0]
-10.3716
[0.0248, 0.02555, 141.2496, 0.5, -0.3, 0.0]
-0.817
[0.02625, 0.0245, 141.2816, 0.5, -0.3, 0.0]
-0.3109
[0.0262, 0.02425, 141.2846, 0.5, -0.3, 0.0]
-0.306
[0.02615, 0.02445, 141.2861, 0.5, -0.3, 0.0]
-0.3061
[0.02625, 0.0245, 141.2816, 0.5, -0.3, 0.0]
-0.309
Alignment finished
*****************
New Alignment
2020-09-04 15:47:39
[0.0204, 0.02555, 141.2716, 0.5, -0.3, 0.0]
-0.5761
-0.317
Alignment finished
*****************
