Invar jig no extended top
Top
15% preheat, on when curing
120C 2min 190C 3min
54.3
54.7
55.2
56.3 1
57.6
59.4
61.5 2
63.7
67.4
68.9 3
70.8
73.2
75.5 4
77.6
79.8
82.2 5
84.6
86.7
88.6 6
89.9
91.1
92.6 7
93.9
94.8
95.5 8

120C 2min 190C 3min
15% preheat, off when curing
56.3
56.2
55
54.5 1
54.3
54.9
55.7 2
56.7
57.9
59   3
60.2
61.4
62.7 4
63.5
64.3
65.7 5
67.5
68.8
69.5 6
70.6
71.4
72.1 7
72.7
73.1
73.8 8
74.1

120C 1min 190C 2min
15% preheat, off when curing
55.4
55.1
54.6
55.2 1
56.6
58.1
59.5 2
61
62.9
65   3
66.6
68.1
69.9 4
71.5
71.4
72   5
72.7
73.5
74.5 6
74.5
75.1
75.8 7
76.3
76.8
77   8
77.5
78.1
78.5 9


190C 1min
18% preheat, off when curing
66.4
65.8
65.1
67.5 1
70.4
73.1
74.6 2
76
76.9
77.8 3
78.4
79.1
79.7 4
79.8
79.8
79.6 5
79.7
79.9
80.1 6
80.2
80.6
80.9 7
81.3 
81.7
82.2 8

190C 2min
18% preheat, off when curing
67.4
66.8
65.3
65.1 1
65.5
66.9
69   2
72.4
74.3
75.7 3
76.8
77.8
78.5 4
78.9
79.4
79.6 5
80
80.3
80.4 6
80.5
80.8
80.8 7


Bottom
190C 1min
18% preheat, off when curing
30.7
31.1
32.8
34.8 1
35.9
36.7
37.4 2
37.9
38.3
38.6 3
38.9
39.3
39.3 4
39.6
39.6
39.9 5
39.9
40
40.1 6

190C 1min
18% preheat, off when curing
SS jig
34
34
35.8
39.4 1
41.6
43.7
44.5 2
46
47.3
48.5 3
49.1
49.6
49.6 4
49.8
49.9
49.9 5
50.2
50.4 



