-17.990975
-17.990409999999997
-17.999515
-18.00807
-18.00984
-18.013759999999998
-17.977375000000002
-17.879445
-17.759230000000002
-17.67814
-17.60703
-17.53743
-17.47184
-17.407535
-17.324775000000002
-17.274855000000002
-17.173479999999998
-17.098930000000003
-17.074965
-17.06944
-17.091495000000002
-17.138044999999998
-17.20887
-17.302030000000002
-17.41512
-17.600595
-17.060865
-17.0593
-17.05792
-17.058705
-17.05959
-17.072905
-17.124535
-17.190725
-17.24287
-17.302695
-17.374535
-17.45659
-17.55431
-17.5601
-17.53189
-17.517764999999997
-17.495725
-17.46774
-17.430335
-17.38644
-17.299505
-17.21432
-17.157995
-17.10679
-17.060985000000002
-17.02404
-17.00233
-16.997374999999998
-17.011274999999998
-17.045865
-17.097665
-17.167135000000002
-17.27178
-17.368679999999998
-17.56492
-16.99408
-15.885845
-15.281815
-14.501265
-17.25
-42.46934
-19.75249
-19.703445
-19.704645
-19.677645
-19.585565
-19.460265
-19.188705
-18.977
-18.87501
-18.80126
-18.734885
-18.732305
-18.767789999999998
-18.910854999999998
-19.146535
-19.528515
-18.963614999999997
-18.98936
-18.983955
-19.048425
-19.340205
-19.70853
-19.898645000000002
-19.67408
-19.355925
-18.917305
-18.58474
-18.090094999999998
-17.56472
-16.97846
-15.219529999999999
-14.529485000000001
-13.831545
-13.116655000000002
-12.42312
-11.73876
-11.092025
-10.528065
-10.086422500000001
-9.768021000000001
-9.584402
-9.5165255
-9.554855
-9.763015
-10.039510499999999
-9.495915
-8.677349
-9.3347505
-9.668293
-13.906315
-12.99416
-13.013715000000001
-13.00656
-12.923214999999999
-12.763874999999999
-12.648765000000001
-12.13521
-11.00614
-9.713773
-8.7997035
-8.4456655
-8.2286265
-8.06827
-8.221715
-8.6167145
-8.151065
-8.151071
-8.1336525
-8.1081285
-8.05712
-7.983033000000001
-7.5150760000000005
-6.7776815
-6.0529795
-5.455139
-5.256779
-5.180785
-5.2236125
-5.4203495
-5.8175265
-5.156340999999999
-4.0908014999999995
-3.4111095000000002
-2.9588064999999997
-4.295636999999999
-5.8814785
-3.967301
-6.175852000000001
-3.5799995
-3.644577
-3.643259
-1.238277
-2.2449779999999997
-0.9327095000000001
-0.9410568500000001
-0.8783125
-0.7395191
-0.75216005
-1.02556715
-0.74539775
-0.79765145
-0.75904365
-0.69177375
-0.6899442499999999
-0.6904632500000001
-0.6029214
-0.53903495
-0.4705969
-0.44449215
-0.4517135
-0.45272355
-0.9061913
-0.4118696
-0.42523665
-0.39792675
-0.3694268
-0.35631645
-0.3514804
-0.3071951
-0.29709535
