[0.0, 0.0, 140.5, 0.5000000000000009, -0.8, 0.0]
[-0.00025, 0.0, 140.5, 0.5000000000000009, -0.8, 0.0]
[-0.00025, 0.0, 140.5, 0.5000000000000009, -0.8, 0.0]
[-0.00025, 0.0, 140.5, 0.5000000000000009, -0.8, 0.0]
[-0.00025, 0.0, 140.5, 0.5000000000000009, -0.8, 0.0]
[-0.00025, 0.0, 140.5, 0.5000000000000009, -0.8, 0.0]
[-0.00025, 0.0, 140.5, 0.5000000000000009, -0.8, 0.0]
[-0.0011, 0.0, 140.5, 0.5000000000000009, -0.8, 0.0]
[-0.0017000000000000001, 0.0, 140.5, 0.5000000000000009, -0.8, 0.0]
[-0.0022500000000000003, 0.0, 140.5, 0.5000000000000009, -0.8, 0.0]
[-0.0027500000000000003, 0.0, 140.5, 0.5000000000000009, -0.8, 0.0]
[-0.00335, 0.0, 140.5, 0.5000000000000009, -0.8, 0.0]
[-0.004, 0.0, 140.5, 0.5000000000000009, -0.8, 0.0]
[-0.0047, 0.0, 140.5, 0.5000000000000009, -0.8, 0.0]
[-0.0054, 0.0, 140.5, 0.5000000000000009, -0.8, 0.0]
[-0.006200000000000001, 0.0, 140.5, 0.5000000000000009, -0.8, 0.0]
[-0.008400000000000001, 0.0, 140.5, 0.5000000000000009, -0.8, 0.0]
[-0.00935, 0.0, 140.5, 0.5000000000000009, -0.8, 0.0]
[-0.01025, 0.0, 140.5, 0.5000000000000009, -0.8, 0.0]
[-0.01115, 0.0, 140.5, 0.5000000000000009, -0.8, 0.0]
[-0.01205, 0.0, 140.5, 0.5000000000000009, -0.8, 0.0]
[-0.012950000000000001, 0.0, 140.5, 0.5000000000000009, -0.8, 0.0]
[-0.013850000000000001, 0.0, 140.5, 0.5000000000000009, -0.8, 0.0]
[-0.0148, 0.0, 140.5, 0.5000000000000009, -0.8, 0.0]
[-0.015700000000000002, 0.0, 140.5, 0.5000000000000009, -0.8, 0.0]
[-0.016550000000000002, 0.0, 140.5, 0.5000000000000009, -0.8, 0.0]
[-0.01025, 0.0, 140.5, 0.5000000000000009, -0.8, 0.0]
[-0.01025, -5e-05, 140.5, 0.5000000000000009, -0.8, 0.0]
[-0.01025, -0.00015000000000000001, 140.5, 0.5000000000000009, -0.8, 0.0]
[-0.01025, -0.00025, 140.5, 0.5000000000000009, -0.8, 0.0]
[-0.01025, -0.00045000000000000004, 140.5, 0.5000000000000009, -0.8, 0.0]
[-0.01025, -0.0011, 140.5, 0.5000000000000009, -0.8, 0.0]
[-0.01025, -0.0015, 140.5, 0.5000000000000009, -0.8, 0.0]
[-0.01025, -0.0019500000000000001, 140.5, 0.5000000000000009, -0.8, 0.0]
[-0.01025, -0.0024000000000000002, 140.5, 0.5000000000000009, -0.8, 0.0]
[-0.01025, -0.00295, 140.5, 0.5000000000000009, -0.8, 0.0]
[-0.01025, -0.00355, 140.5, 0.5000000000000009, -0.8, 0.0]
[-0.01025, -0.004200000000000001, 140.5, 0.5000000000000009, -0.8, 0.0]
[-0.01025, -0.0049, 140.5, 0.5000000000000009, -0.8, 0.0]
[-0.01025, 0.0, 140.5, 0.5000000000000009, -0.8, 0.0]
[-0.01025, 0.0001, 140.5, 0.5000000000000009, -0.8, 0.0]
[-0.01025, 0.0002, 140.5, 0.5000000000000009, -0.8, 0.0]
[-0.01025, 0.00035, 140.5, 0.5000000000000009, -0.8, 0.0]
[-0.01025, 0.0006000000000000001, 140.5, 0.5000000000000009, -0.8, 0.0]
[-0.01025, 0.0009000000000000001, 140.5, 0.5000000000000009, -0.8, 0.0]
[-0.01025, 0.0013000000000000002, 140.5, 0.5000000000000009, -0.8, 0.0]
[-0.01025, 0.00235, 140.5, 0.5000000000000009, -0.8, 0.0]
[-0.01025, 0.00285, 140.5, 0.5000000000000009, -0.8, 0.0]
[-0.01025, 0.0034500000000000004, 140.5, 0.5000000000000009, -0.8, 0.0]
[-0.01025, 0.0041, 140.5, 0.5000000000000009, -0.8, 0.0]
[-0.01025, 0.0048000000000000004, 140.5, 0.5000000000000009, -0.8, 0.0]
[-0.01025, 0.00555, 140.5, 0.5000000000000009, -0.8, 0.0]
[-0.01025, 0.006350000000000001, 140.5, 0.5000000000000009, -0.8, 0.0]
[-0.01025, 0.007200000000000001, 140.5, 0.5000000000000009, -0.8, 0.0]
[-0.01025, 0.0081, 140.5, 0.5000000000000009, -0.8, 0.0]
[-0.01025, 0.009000000000000001, 140.5, 0.5000000000000009, -0.8, 0.0]
[-0.01025, 0.00995, 140.5, 0.5000000000000009, -0.8, 0.0]
[-0.01025, 0.01085, 140.5, 0.5000000000000009, -0.8, 0.0]
[-0.01025, 0.01175, 140.5, 0.5000000000000009, -0.8, 0.0]
[-0.01025, 0.01265, 140.5, 0.5000000000000009, -0.8, 0.0]
[-0.01025, 0.013550000000000001, 140.5, 0.5000000000000009, -0.8, 0.0]
[-0.01025, 0.00215, 140.5, 0.5000000000000009, -0.8, 0.0]
[-0.01025, 0.00215, 140.568, 0.5000000000000009, -0.8, 0.0]
[-0.01025, 0.00215, 140.63600000000002, 0.5000000000000009, -0.8, 0.0]
[-0.01025, 0.00215, 140.70400000000004, 0.5000000000000009, -0.8, 0.0]
[-0.01025, 0.00215, 140.77200000000005, 0.5000000000000009, -0.8, 0.0]
[-0.01025, 0.00215, 140.84000000000006, 0.5000000000000009, -0.8, 0.0]
[-0.01025, 0.00215, 140.77180000000004, 0.5000000000000009, -0.8, 0.0]
[-0.01025, 0.00215, 140.77180000000004, 0.5000000000000009, -0.8, 0.0]
[-0.01025, 0.00215, 140.77180000000004, 0.5000000000000009, -0.8, 0.0]
[-0.01025, 0.00215, 140.77180000000004, 0.5000000000000009, -0.8, 0.0]
[-0.0102, 0.00215, 140.77180000000004, 0.5000000000000009, -0.8, 0.0]
[-0.0105, 0.00215, 140.77180000000004, 0.5000000000000009, -0.8, 0.0]
[-0.0111, 0.00215, 140.77180000000004, 0.5000000000000009, -0.8, 0.0]
[-0.011550000000000001, 0.00215, 140.77180000000004, 0.5000000000000009, -0.8, 0.0]
[-0.012, 0.00215, 140.77180000000004, 0.5000000000000009, -0.8, 0.0]
[-0.0125, 0.00215, 140.77180000000004, 0.5000000000000009, -0.8, 0.0]
[-0.013000000000000001, 0.00215, 140.77180000000004, 0.5000000000000009, -0.8, 0.0]
[-0.013600000000000001, 0.00215, 140.77180000000004, 0.5000000000000009, -0.8, 0.0]
[-0.01425, 0.00215, 140.77180000000004, 0.5000000000000009, -0.8, 0.0]
[-0.0149, 0.00215, 140.77180000000004, 0.5000000000000009, -0.8, 0.0]
[-0.01565, 0.00215, 140.77180000000004, 0.5000000000000009, -0.8, 0.0]
[-0.0164, 0.00215, 140.77180000000004, 0.5000000000000009, -0.8, 0.0]
[-0.013000000000000001, 0.00215, 140.77180000000004, 0.5000000000000009, -0.8, 0.0]
[-0.013000000000000001, 0.0021, 140.77180000000004, 0.5000000000000009, -0.8, 0.0]
[-0.013000000000000001, 0.0021, 140.77180000000004, 0.5000000000000009, -0.8, 0.0]
[-0.013000000000000001, 0.00215, 140.77180000000004, 0.5000000000000009, -0.8, 0.0]
[-0.013000000000000001, 0.00235, 140.77180000000004, 0.5000000000000009, -0.8, 0.0]
[-0.013000000000000001, 0.0027, 140.77180000000004, 0.5000000000000009, -0.8, 0.0]
[-0.013000000000000001, 0.0021, 140.77180000000004, 0.5000000000000009, -0.8, 0.0]
[-0.013000000000000001, 0.002, 140.77180000000004, 0.5000000000000009, -0.8, 0.0]
[-0.013000000000000001, 0.0019, 140.77180000000004, 0.5000000000000009, -0.8, 0.0]
[-0.013000000000000001, 0.0017, 140.77180000000004, 0.5000000000000009, -0.8, 0.0]
[-0.013000000000000001, 0.00145, 140.77180000000004, 0.5000000000000009, -0.8, 0.0]
[-0.013000000000000001, 0.00115, 140.77180000000004, 0.5000000000000009, -0.8, 0.0]
[-0.013000000000000001, 0.00075, 140.77180000000004, 0.5000000000000009, -0.8, 0.0]
[-0.013000000000000001, 0.00034999999999999983, 140.77180000000004, 0.5000000000000009, -0.8, 0.0]
[-0.013000000000000001, -0.0010500000000000002, 140.77180000000004, 0.5000000000000009, -0.8, 0.0]
[-0.013000000000000001, -0.0017000000000000001, 140.77180000000004, 0.5000000000000009, -0.8, 0.0]
[-0.013000000000000001, -0.0024000000000000002, 140.77180000000004, 0.5000000000000009, -0.8, 0.0]
[-0.013000000000000001, -0.0031000000000000003, 140.77180000000004, 0.5000000000000009, -0.8, 0.0]
[-0.013000000000000001, -0.0039000000000000007, 140.77180000000004, 0.5000000000000009, -0.8, 0.0]
[-0.013000000000000001, -0.004750000000000001, 140.77180000000004, 0.5000000000000009, -0.8, 0.0]
[-0.013000000000000001, -0.0056500000000000005, 140.77180000000004, 0.5000000000000009, -0.8, 0.0]
[-0.013000000000000001, -0.006550000000000001, 140.77180000000004, 0.5000000000000009, -0.8, 0.0]
[-0.013000000000000001, -0.007450000000000001, 140.77180000000004, 0.5000000000000009, -0.8, 0.0]
[-0.013000000000000001, -0.00835, 140.77180000000004, 0.5000000000000009, -0.8, 0.0]
[-0.013000000000000001, -0.009250000000000001, 140.77180000000004, 0.5000000000000009, -0.8, 0.0]
[-0.013000000000000001, -0.01015, 140.77180000000004, 0.5000000000000009, -0.8, 0.0]
[-0.013000000000000001, -0.01105, 140.77180000000004, 0.5000000000000009, -0.8, 0.0]
[-0.013000000000000001, -0.011950000000000002, 140.77180000000004, 0.5000000000000009, -0.8, 0.0]
[-0.013000000000000001, -0.01285, 140.77180000000004, 0.5000000000000009, -0.8, 0.0]
[-0.013000000000000001, -0.009049999999999999, 140.77180000000004, 0.5000000000000009, -0.8, 0.0]
[-0.013000000000000001, -0.009049999999999999, 140.80030000000005, 0.5000000000000009, -0.8, 0.0]
[-0.013000000000000001, -0.009049999999999999, 140.82880000000006, 0.5000000000000009, -0.8, 0.0]
[-0.013000000000000001, -0.009049999999999999, 140.85730000000007, 0.5000000000000009, -0.8, 0.0]
[-0.013000000000000001, -0.009049999999999999, 140.88580000000007, 0.5000000000000009, -0.8, 0.0]
[-0.013000000000000001, -0.009049999999999999, 140.85710000000006, 0.5000000000000009, -0.8, 0.0]
[-0.013000000000000001, -0.009049999999999999, 140.85710000000006, 0.5000000000000009, -0.8, 0.0]
[-0.013000000000000001, -0.009049999999999999, 140.85710000000006, 0.5000000000000009, -0.8, 0.0]
[-0.013000000000000001, -0.009049999999999999, 140.85710000000006, 0.5000000000000009, -0.8, 0.0]
[-0.013000000000000001, -0.009049999999999999, 140.85710000000006, 0.5000000000000009, -0.8, 0.0]
[-0.01305, -0.009049999999999999, 140.85710000000006, 0.5000000000000009, -0.8, 0.0]
[-0.013750000000000002, -0.009049999999999999, 140.85710000000006, 0.5000000000000009, -0.8, 0.0]
[-0.01425, -0.009049999999999999, 140.85710000000006, 0.5000000000000009, -0.8, 0.0]
[-0.015500000000000002, -0.009049999999999999, 140.85710000000006, 0.5000000000000009, -0.8, 0.0]
[-0.016050000000000002, -0.009049999999999999, 140.85710000000006, 0.5000000000000009, -0.8, 0.0]
[-0.0167, -0.009049999999999999, 140.85710000000006, 0.5000000000000009, -0.8, 0.0]
[-0.017400000000000002, -0.009049999999999999, 140.85710000000006, 0.5000000000000009, -0.8, 0.0]
[-0.01815, -0.009049999999999999, 140.85710000000006, 0.5000000000000009, -0.8, 0.0]
[-0.01895, -0.009049999999999999, 140.85710000000006, 0.5000000000000009, -0.8, 0.0]
[-0.01975, -0.009049999999999999, 140.85710000000006, 0.5000000000000009, -0.8, 0.0]
[-0.017400000000000002, -0.009049999999999999, 140.85710000000006, 0.5000000000000009, -0.8, 0.0]
[-0.017400000000000002, -0.009099999999999999, 140.85710000000006, 0.5000000000000009, -0.8, 0.0]
[-0.017400000000000002, -0.009149999999999998, 140.85710000000006, 0.5000000000000009, -0.8, 0.0]
[-0.017400000000000002, -0.00925, 140.85710000000006, 0.5000000000000009, -0.8, 0.0]
[-0.017400000000000002, -0.009449999999999998, 140.85710000000006, 0.5000000000000009, -0.8, 0.0]
[-0.017400000000000002, -0.009699999999999999, 140.85710000000006, 0.5000000000000009, -0.8, 0.0]
[-0.017400000000000002, -0.009999999999999998, 140.85710000000006, 0.5000000000000009, -0.8, 0.0]
[-0.017400000000000002, -0.01035, 140.85710000000006, 0.5000000000000009, -0.8, 0.0]
[-0.017400000000000002, -0.011449999999999998, 140.85710000000006, 0.5000000000000009, -0.8, 0.0]
[-0.017400000000000002, -0.011999999999999999, 140.85710000000006, 0.5000000000000009, -0.8, 0.0]
[-0.017400000000000002, -0.012549999999999999, 140.85710000000006, 0.5000000000000009, -0.8, 0.0]
[-0.017400000000000002, -0.01325, 140.85710000000006, 0.5000000000000009, -0.8, 0.0]
[-0.017400000000000002, -0.0139, 140.85710000000006, 0.5000000000000009, -0.8, 0.0]
[-0.017400000000000002, -0.01465, 140.85710000000006, 0.5000000000000009, -0.8, 0.0]
[-0.017400000000000002, -0.015449999999999998, 140.85710000000006, 0.5000000000000009, -0.8, 0.0]
[-0.017400000000000002, -0.012549999999999999, 140.85710000000006, 0.5000000000000009, -0.8, 0.0]
[-0.017400000000000002, -0.012549999999999999, 140.87270000000007, 0.5000000000000009, -0.8, 0.0]
[-0.017400000000000002, -0.012549999999999999, 140.88830000000007, 0.5000000000000009, -0.8, 0.0]
[-0.017400000000000002, -0.012549999999999999, 140.90390000000008, 0.5000000000000009, -0.8, 0.0]
[-0.017400000000000002, -0.012549999999999999, 140.91950000000008, 0.5000000000000009, -0.8, 0.0]
[-0.017400000000000002, -0.012549999999999999, 140.9351000000001, 0.5000000000000009, -0.8, 0.0]
[-0.017400000000000002, -0.012549999999999999, 140.91930000000008, 0.5000000000000009, -0.8, 0.0]
[-0.018900000000000004, -0.012549999999999999, 140.91930000000008, 0.5000000000000009, -0.8, 0.0]
[-0.01665, -0.012549999999999999, 140.91930000000008, 0.5000000000000009, -0.8, 0.0]
[-0.0159, -0.012549999999999999, 140.91930000000008, 0.5000000000000009, -0.8, 0.0]
[-0.0164, -0.012549999999999999, 140.91930000000008, 0.5000000000000009, -0.8, 0.0]
[-0.0164, -0.014049999999999998, 140.91930000000008, 0.5000000000000009, -0.8, 0.0]
[-0.0164, -0.0133, 140.91930000000008, 0.5000000000000009, -0.8, 0.0]
[-0.0164, -0.014799999999999999, 140.91930000000008, 0.5000000000000009, -0.8, 0.0]
[-0.0164, -0.014699999999999998, 140.91930000000008, 0.5000000000000009, -0.8, 0.0]
[-0.0164, -0.014699999999999998, 140.92155000000008, 0.5000000000000009, -0.8, 0.0]
[-0.0164, -0.014699999999999998, 140.92380000000009, 0.5000000000000009, -0.8, 0.0]
[-0.0164, -0.014699999999999998, 140.92380000000009, 0.5000000000000009, -0.8, 0.0]
[-0.0158, -0.014699999999999998, 140.92380000000009, 0.5000000000000009, -0.8, 0.0]
[-0.016700000000000003, -0.014699999999999998, 140.92380000000009, 0.5000000000000009, -0.8, 0.0]
[-0.017, -0.014699999999999998, 140.92380000000009, 0.5000000000000009, -0.8, 0.0]
[-0.0166, -0.014699999999999998, 140.92380000000009, 0.5000000000000009, -0.8, 0.0]
[-0.0166, -0.015299999999999998, 140.92380000000009, 0.5000000000000009, -0.8, 0.0]
[-0.0166, -0.014999999999999998, 140.92380000000009, 0.5000000000000009, -0.8, 0.0]
[-0.0166, -0.015149999999999999, 140.92380000000009, 0.5000000000000009, -0.8, 0.0]
[-0.0166, -0.015149999999999999, 140.9258000000001, 0.5000000000000009, -0.8, 0.0]
[-0.0166, -0.015149999999999999, 140.9278000000001, 0.5000000000000009, -0.8, 0.0]
[-0.0166, -0.015149999999999999, 140.9298000000001, 0.5000000000000009, -0.8, 0.0]
[-0.0166, -0.015149999999999999, 140.93180000000012, 0.5000000000000009, -0.8, 0.0]
[-0.0166, -0.015149999999999999, 140.93380000000013, 0.5000000000000009, -0.8, 0.0]
[-0.0166, -0.015149999999999999, 140.93380000000013, 0.5000000000000009, -0.8, 0.0]
[-0.0172, -0.015149999999999999, 140.93380000000013, 0.5000000000000009, -0.8, 0.0]
[-0.0163, -0.015149999999999999, 140.93380000000013, 0.5000000000000009, -0.8, 0.0]
[-0.016, -0.015149999999999999, 140.93380000000013, 0.5000000000000009, -0.8, 0.0]
[-0.01625, -0.015149999999999999, 140.93380000000013, 0.5000000000000009, -0.8, 0.0]
[-0.01625, -0.01575, 140.93380000000013, 0.5000000000000009, -0.8, 0.0]
[-0.01625, -0.015449999999999998, 140.93380000000013, 0.5000000000000009, -0.8, 0.0]
[-0.01625, -0.015549999999999998, 140.93380000000013, 0.5000000000000009, -0.8, 0.0]
[-0.01625, -0.015549999999999998, 140.93580000000014, 0.5000000000000009, -0.8, 0.0]
[-0.01625, -0.015549999999999998, 140.93780000000015, 0.5000000000000009, -0.8, 0.0]
