-34.08142
-34.08142
-34.08142
-34.08045
-34.081265
-34.08208
-34.14471
-34.20837
-34.27203
-34.336034999999995
-34.40004
-34.80962
-35.048185000000004
-35.18145
-35.335274999999996
-35.4891
-35.78857
-35.771995000000004
-35.75542
-35.72655
-35.702560000000005
-35.67857
-35.6014
-35.6014
-35.22959
-35.13005
-35.022634999999994
-34.91522
-34.69303
-34.580545
-34.338835
-34.20961
-33.89696
-33.73184
-33.56672
-33.20694
-33.021215
-32.664155
-31.83537
-31.52418
-31.38163
-31.23908
-31.107385
-30.97569
-30.73934
-30.62268
-30.50602
-30.4056
-30.30518
-30.14209
-30.075045
-30.008
-29.91052
-29.866275
-29.82203
-29.65801
-29.58902
-29.556885
-29.52475
-29.49881
-29.47287
-29.43081
-29.406335
-29.38186
-29.32667
-29.32667
-29.2733
-29.242089999999997
-29.21088
-29.10532
-29.04244
-28.97956
-28.7034
-28.55262
-28.479660000000003
-28.4067
-28.26411
-28.19435
-28.12459
-28.06331
-28.00203
-27.90274
-27.871045000000002
-27.83935
-27.80206
-27.79535
-27.78864
-27.798740000000002
-27.878995
-27.999715000000002
-28.05028
-28.1626
-28.23386
-28.30512
-28.45776
-28.541815
-28.62587
-28.79508
-27.806385
-27.802565
-27.80234
-27.800435
-27.79853
-27.75572
-27.75572
-27.7076
-27.687235
-27.66687
-27.63364
-27.616655
-27.59967
-27.58711
-27.57455
-27.55675
-27.551805
-27.54686
-27.546349999999997
-27.55995
-27.59641
-27.61876
-27.69117
-27.69117
-27.80359
-27.8819
-27.96021
-28.14397
-28.14397
-28.32229
-28.42063
-28.51897
-28.71864
-28.79474
-28.76844
-28.746705
-28.72497
-28.69289
-28.66081
-28.57692
-28.523045
-28.46917
-28.40679
-28.34441
-28.21127
-28.135855
-28.06044
-27.90091
-27.90091
-27.7607
-27.59878
-27.56518
-27.5561
-27.54702
-27.55011
-27.55269
-27.55527
-27.5634
-27.57153
-27.59883
-27.624155000000002
-27.64948
-27.68851
-27.72754
-27.84739
-27.910965
-28.12513
-28.346629999999998
-28.41754
-28.55621
-28.55621
-28.6963
-28.762205
-27.548735
-27.10776
-26.7792
-26.53537
-26.42467
-26.595914999999998
-26.87479
-26.63869
-26.648139999999998
-26.65759
-26.66452
-26.668844999999997
-26.68616
-26.692555
-26.69895
-26.70928
-26.71961
-26.76247
-26.79658
-26.83069
-26.92692
-26.993355
-27.05979
-27.14041
-27.22103
-27.40886
-27.51968
-27.49511
-27.473354999999998
-27.4516
-27.420775
-27.38995
-27.30181
-27.253355
-27.2049
-27.153374999999997
-27.10185
-26.99633
-26.94524
-26.89415
-26.79412
-26.75553
-26.71694
-26.68248
-26.71969
-26.75045
-26.78121
-26.88706
-26.88706
-27.01443
-27.07768
-27.14093
-27.27539
-27.344205000000002
-27.41302
-27.55316
-27.55316
-27.68904
-27.75059
-26.650570000000002
-26.65063
-26.65031
-26.647095
-26.64388
-26.621945
-26.60001
-26.50035
-26.439975
-26.3796
-26.2413
-26.2413
-26.08557
-25.9159
-25.747284999999998
-25.50049
-25.42231
-25.35737
-25.29243
-25.19629
-25.178165
-25.16004
-25.18089
-25.18089
-25.26299
-25.327015
-25.39104
-25.561
-25.561
-25.72515
-25.80558
-25.962139999999998
-26.114130000000003
-26.18999
-25.18031
-24.99011
-24.901035
-24.69765
-24.60888
-24.63791
-24.85905
-25.0248
-24.84455
-24.85292
-24.85292
-24.862455
-24.887705
-24.90617
-25.01492
-25.071559999999998
-25.1282
-25.19172
-25.25524
-25.39554
-25.476775
-25.55801
-25.75115
-25.73648
-25.72181
-25.64577
-25.59664
-25.51531
-25.51531
-25.4104
-25.345475
-25.28055
-25.12004
-25.12004
-24.93385
-24.8295
-24.72515
-24.5329
-24.464115
-24.39533
-24.367615
-24.3399
-24.47715
-24.80492
-24.950025
-25.09513
-25.41537
-24.4001
-24.38984
-24.38812
-24.3848
-24.38148
-24.32466
-24.258285
-23.947705
-23.74832
-23.64119
-23.41435
-23.41435
-23.19635
-23.10746
-23.01857
-22.90516
-22.89331
-22.88146
-22.908715
-22.93597
-23.05761
-23.15418
-23.25075
-23.648505
-22.90614
-22.46906
-22.138875
-21.88545
-21.73261
-21.931179999999998
-22.443545
-21.974875
-21.97004
-21.96258
-21.95776
-21.95294
-21.93123
-21.90952
-21.86152
-21.839039999999997
-21.81656
-21.806535
-21.79651
-21.82406
-21.87696
-21.92986
-22.12925
-22.12925
-23.05787
-23.28476
-23.49495
-23.892055
-23.826725
-23.81417
-23.788865
-23.76356
-23.67239
-23.605345
-23.5383
-23.3513
-23.3513
-22.690405
-22.54251
-22.24778
-22.11955
-21.99132
-21.92003
-21.84874
-21.87118
-21.96544
-22.0597
-22.235104999999997
-22.41051
-22.85537
-21.84276
-21.84136
-21.84149
-21.84002
-21.84002
-21.76114
-21.675005
-21.58887
-21.42022
-21.32997
-21.23972
-21.151415
-21.06311
-20.92297
-20.88751
-20.85205
-20.98603
-21.18651
-21.326034999999997
-21.46556
-21.79034
-20.862475
-20.73146
-20.9937
-21.044114999999998
-21.25868
-21.07819
-21.072364999999998
-21.06654
-21.076169999999998
-21.0858
-21.15476
-21.222825
-21.29089
-21.73106
-22.02971
-22.344475
-22.31046
-22.24926
-22.199495
-22.14973
-22.086465
-22.0232
-21.84045
-21.72121
-21.60197
-21.31254
-21.158115
-20.69248
-20.5716
-20.45072
-20.38839
-20.32606
-20.38318
-20.507514999999998
-20.63185
-20.829034999999998
-21.02622
-21.4975
-20.43224
-20.424525000000003
-20.31337
-20.13349
-20.06553
-19.99757
-19.938305
-19.87904
-19.79695
-19.79132
-19.78569
-19.82661
-19.86753
-20.048
-20.17425
-20.3005
-20.95052
-19.84159
-19.29806
-18.938270000000003
-18.58633
-18.26921
-18.08314
-18.29422
-18.98971
-18.367185
-18.41028
-18.40735
-18.40569
-18.40403
-18.3918
-18.37957
-18.35663
-18.332189999999997
-18.30775
-18.316735
-18.32572
-18.43564
-18.554655
-18.67367
-18.890205
-19.44134
-19.44134
-19.37114
-19.31986
-19.26858
-19.10899
-19.006995
-18.905
-18.798659999999998
-18.69232
-18.49838
-18.42826
-18.35814
-18.32919
-18.32919
-18.43722
-18.852809999999998
-19.98207
-18.34116
-18.34006
-18.33896
-18.33915
-18.325200000000002
-18.31125
-18.03817
-18.03817
-17.7106
-17.58103
-17.0794
-17.008175
-16.93695
-16.80363
-16.720914999999998
-16.6382
-16.565275
-16.49235
-16.487
-16.609695
-16.73239
-17.30385
-17.30385
-18.15549
-16.58143
-15.75004
-14.90121
-14.01219
-13.194375
-12.80849
-13.446525000000001
-12.72325
-12.74954
-12.76251
-12.76251
-12.8127
-12.87189
-12.93108
-13.31751
-13.76574
-13.63487
-13.504
-13.402445
-13.045490000000001
-12.64748
-12.50487
-12.25988
-12.184695000000001
-12.10951
-12.139050000000001
-12.16859
-12.5675
-12.98521
-12.12083
-12.11467
-12.058745
-12.00533
-11.89973
-11.79413
-11.55223
-11.480879999999999
-11.40953
-11.41282
-11.531165
-11.64951
-11.93934
-11.413595
-10.55898
-9.7317735
-9.338139
-9.180777
-11.1865
-9.340165
-9.353006
-9.352828
-9.35265
-9.252134
-9.252134
-8.994102
-8.749341999999999
-8.504582
-8.021128
-8.014019
-8.00691
-8.288041499999999
-8.569173
-8.324507
-8.321820500000001
-8.319134
-8.310296
-8.310296
-8.253842
-8.0519695
-7.850097
-7.370606
-7.370606
-7.214213
-7.3145095
-7.414806
-7.284898999999999
-6.216009
-5.540796
-4.942846
-5.3938065
-4.891118499999999
-4.863293
-4.833763
-4.854236
-4.874709
-4.963872
-5.053035
-5.518023
-5.272191
-5.026359
-4.859528
-4.7633685
-4.667209
-4.578851
-4.578851
-4.809387
-5.235983
-4.5507345
-4.5259564999999995
-4.3983995
-4.286522
-3.949346
-3.9367295
-3.924113
-4.1624075000000005
-4.400702
-4.248922
-3.302969
-2.950696
-1.919217
-1.476811
-1.7331485
-1.42479
-1.695699
-1.330881
-1.3122479999999999
-1.3049745
-1.384048
-1.343073
-1.173295
-1.1292520000000001
-1.1094335
-1.1191135
-1.1131575
-1.089544
-1.064923
-1.060174
-1.079808
-0.9438831
-1.079552
-0.9865862
-1.042471
-0.9464319
-0.9110246
-0.8813615
-0.8870935
-0.886309
-0.8550099
-0.83715205
-0.8171027
-0.8714672
-0.7316232
-0.7723745
-0.80146725
-0.7449757
-0.68285285
-0.6795482
-0.72494445
-0.6832932
-0.69638895
-0.6530969
-0.6975477
-0.661042
-0.777147
-0.6875419
-0.7688689
-0.6607119
-0.6630807
-0.7427993
-0.6578243
-0.6144951000000001
-0.5800548999999999
-0.5650372
-0.55077025
-0.5230487500000001
-0.5391113999999999
-0.4545131
-0.460133
-0.5136168
-0.4720784
-0.6070559
-0.4113249
-0.4178509
-0.4320033
-0.4593972
-0.4034206
-0.4610525
-0.4188918
-0.5174227
-0.46286715
-0.57475195
-0.3992211
-0.40220140000000004
-0.5419197499999999
-0.40173444999999997
-0.38357475
-0.3846443
-0.4038994
-0.40267414999999995
-0.4396331
-0.37235830000000003
-0.3710572
-0.57279395
-0.3836034
-0.46738115
-0.3934341
-0.4116652
-0.35943735
-0.4655751
-0.4183715
-0.4341716
-0.9337770000000001
-0.973382
-0.8865409
-0.9916908
-0.886309
-1.09003
-0.7280176
-0.69978455
-0.6970639000000001
-0.7596283500000001
-0.6998686000000001
-0.6441791
-0.6095573
-0.6088369
-0.6450267
-0.5743721
-0.6160612999999999
-0.605126
-0.680875
-0.5697349
-0.65019645
-0.5695193
-0.58716445
-0.5419066
-0.6125219
-0.514814
-0.6041213
-0.5229115
-0.6993114
-0.5261108
-0.5534626
-0.5340412
-0.5327728
-0.6281932
-0.51421535
-0.5200325
-0.5089776500000001
-0.519793
-0.5166774
-0.52909975
-0.5908125500000001
-0.508539
-0.5334821
-0.5689803
-0.5142284
-0.5201656
-0.49316865
-0.53153
-0.5024851
-0.6203402
-0.5258975
-0.6019624
-0.5166239
-0.5191268499999999
-0.6022457
-0.4900852
-0.4654437
-0.44249905
-0.4512083
-0.4476171
-0.44139915
-0.5597626
-0.4132473
-0.44100894999999996
-0.5018487
-0.4181896
-0.39819795
-0.3841289
-0.4053013
-0.4008145
-0.4296549
-0.3866864
-0.4017214
-0.3668903
-0.43632845
-0.4032261
-0.43199089999999996
-0.36151675
-0.3937192
-0.3692042
-0.4038487
-0.39035644999999997
-0.3778086
-0.5052592499999999
-0.3701571
-0.4736625
-0.39062725
-0.43294715
