[0, 0.15, 137.2, 2, 0.5, 0]
[-0.0001, 0.15, 137.2, 2, 0.5, 0]
[-0.0001, 0.15, 137.2, 2, 0.5, 0]
[-5e-05, 0.15, 137.2, 2, 0.5, 0]
[-0.00075, 0.15, 137.2, 2, 0.5, 0]
[-0.0013000000000000002, 0.15, 137.2, 2, 0.5, 0]
[-0.0019500000000000001, 0.15, 137.2, 2, 0.5, 0]
[-0.00265, 0.15, 137.2, 2, 0.5, 0]
[-0.00335, 0.15, 137.2, 2, 0.5, 0]
[-0.004200000000000001, 0.15, 137.2, 2, 0.5, 0]
[-0.00515, 0.15, 137.2, 2, 0.5, 0]
[-0.0099, 0.15, 137.2, 2, 0.5, 0]
[-0.0115, 0.15, 137.2, 2, 0.5, 0]
[-0.013000000000000001, 0.15, 137.2, 2, 0.5, 0]
[-0.01455, 0.15, 137.2, 2, 0.5, 0]
[-0.0161, 0.15, 137.2, 2, 0.5, 0]
[-5e-05, 0.15, 137.2, 2, 0.5, 0]
[0.00015000000000000001, 0.15, 137.2, 2, 0.5, 0]
[0.0004, 0.15, 137.2, 2, 0.5, 0]
[0.00075, 0.15, 137.2, 2, 0.5, 0]
[0.0012000000000000001, 0.15, 137.2, 2, 0.5, 0]
[0.0017000000000000001, 0.15, 137.2, 2, 0.5, 0]
[0.00235, 0.15, 137.2, 2, 0.5, 0]
[0.0031000000000000003, 0.15, 137.2, 2, 0.5, 0]
[0.006200000000000001, 0.15, 137.2, 2, 0.5, 0]
[0.007350000000000001, 0.15, 137.2, 2, 0.5, 0]
[0.00865, 0.15, 137.2, 2, 0.5, 0]
[0.010150000000000001, 0.15, 137.2, 2, 0.5, 0]
[0.0117, 0.15, 137.2, 2, 0.5, 0]
[0.013800000000000002, 0.15, 137.2, 2, 0.5, 0]
[0.0154, 0.15, 137.2, 2, 0.5, 0]
[0.01705, 0.15, 137.2, 2, 0.5, 0]
[0.0187, 0.15, 137.2, 2, 0.5, 0]
[0.020900000000000002, 0.15, 137.2, 2, 0.5, 0]
[0.02245, 0.15, 137.2, 2, 0.5, 0]
[0.0239, 0.15, 137.2, 2, 0.5, 0]
[0.0257, 0.15, 137.2, 2, 0.5, 0]
[0.029300000000000003, 0.15, 137.2, 2, 0.5, 0]
[0.03465, 0.15, 137.2, 2, 0.5, 0]
[0.0362, 0.15, 137.2, 2, 0.5, 0]
[0.03775, 0.15, 137.2, 2, 0.5, 0]
[0.0392, 0.15, 137.2, 2, 0.5, 0]
[0.04065, 0.15, 137.2, 2, 0.5, 0]
[0.04215, 0.15, 137.2, 2, 0.5, 0]
[0.043750000000000004, 0.15, 137.2, 2, 0.5, 0]
[0.045250000000000005, 0.15, 137.2, 2, 0.5, 0]
[0.046700000000000005, 0.15, 137.2, 2, 0.5, 0]
[0.0482, 0.15, 137.2, 2, 0.5, 0]
[0.04975, 0.15, 137.2, 2, 0.5, 0]
[0.05165, 0.15, 137.2, 2, 0.5, 0]
[0.05315, 0.15, 137.2, 2, 0.5, 0]
[0.054650000000000004, 0.15, 137.2, 2, 0.5, 0]
[0.056100000000000004, 0.15, 137.2, 2, 0.5, 0]
[0.05765, 0.15, 137.2, 2, 0.5, 0]
[0.05915, 0.15, 137.2, 2, 0.5, 0]
[0.06455, 0.15, 137.2, 2, 0.5, 0]
[0.0661, 0.15, 137.2, 2, 0.5, 0]
[0.06770000000000001, 0.15, 137.2, 2, 0.5, 0]
[0.0692, 0.15, 137.2, 2, 0.5, 0]
[0.0707, 0.15, 137.2, 2, 0.5, 0]
[0.07225000000000001, 0.15, 137.2, 2, 0.5, 0]
[0.07375000000000001, 0.15, 137.2, 2, 0.5, 0]
[0.07525, 0.15, 137.2, 2, 0.5, 0]
[0.07685, 0.15, 137.2, 2, 0.5, 0]
[0.07835, 0.15, 137.2, 2, 0.5, 0]
[0.07985, 0.15, 137.2, 2, 0.5, 0]
[0.0814, 0.15, 137.2, 2, 0.5, 0]
[0.08285000000000001, 0.15, 137.2, 2, 0.5, 0]
[0.08435000000000001, 0.15, 137.2, 2, 0.5, 0]
[0.08595, 0.15, 137.2, 2, 0.5, 0]
[0.08750000000000001, 0.15, 137.2, 2, 0.5, 0]
[0.08900000000000001, 0.15, 137.2, 2, 0.5, 0]
[0.0946, 0.15, 137.2, 2, 0.5, 0]
[0.09615, 0.15, 137.2, 2, 0.5, 0]
[0.0978, 0.15, 137.2, 2, 0.5, 0]
[0.09965, 0.15, 137.2, 2, 0.5, 0]
[0.10110000000000001, 0.15, 137.2, 2, 0.5, 0]
[0.10260000000000001, 0.15, 137.2, 2, 0.5, 0]
[0.1041, 0.15, 137.2, 2, 0.5, 0]
[0.10565000000000001, 0.15, 137.2, 2, 0.5, 0]
[0.1072, 0.15, 137.2, 2, 0.5, 0]
[0.10875, 0.15, 137.2, 2, 0.5, 0]
[0.11045, 0.15, 137.2, 2, 0.5, 0]
[0.11195000000000001, 0.15, 137.2, 2, 0.5, 0]
[0.11345000000000001, 0.15, 137.2, 2, 0.5, 0]
[0.11495000000000001, 0.15, 137.2, 2, 0.5, 0]
[0.11645000000000001, 0.15, 137.2, 2, 0.5, 0]
[0.11800000000000001, 0.15, 137.2, 2, 0.5, 0]
[0.12375000000000001, 0.15, 137.2, 2, 0.5, 0]
[0.12535000000000002, 0.15, 137.2, 2, 0.5, 0]
[0.12685000000000002, 0.15, 137.2, 2, 0.5, 0]
[0.12840000000000001, 0.15, 137.2, 2, 0.5, 0]
[0.12990000000000002, 0.15, 137.2, 2, 0.5, 0]
[0.13175, 0.15, 137.2, 2, 0.5, 0]
[0.1333, 0.15, 137.2, 2, 0.5, 0]
[0.13520000000000001, 0.15, 137.2, 2, 0.5, 0]
[0.13670000000000002, 0.15, 137.2, 2, 0.5, 0]
[0.13835, 0.15, 137.2, 2, 0.5, 0]
[0.1004, 0.15, 137.2, 2, 0.5, 0]
[0.1004, 0.15, 137.2, 2, 0.5, 0]
[0.1004, 0.14995, 137.2, 2, 0.5, 0]
[0.1004, 0.14959999999999998, 137.2, 2, 0.5, 0]
[0.1004, 0.14865, 137.2, 2, 0.5, 0]
[0.1004, 0.1479, 137.2, 2, 0.5, 0]
[0.1004, 0.1472, 137.2, 2, 0.5, 0]
[0.1004, 0.1464, 137.2, 2, 0.5, 0]
[0.1004, 0.14554999999999998, 137.2, 2, 0.5, 0]
[0.1004, 0.14445, 137.2, 2, 0.5, 0]
[0.1004, 0.1434, 137.2, 2, 0.5, 0]
[0.1004, 0.14225, 137.2, 2, 0.5, 0]
[0.1004, 0.141, 137.2, 2, 0.5, 0]
[0.1004, 0.13965, 137.2, 2, 0.5, 0]
[0.1004, 0.13824999999999998, 137.2, 2, 0.5, 0]
[0.1004, 0.13674999999999998, 137.2, 2, 0.5, 0]
[0.1004, 0.1353, 137.2, 2, 0.5, 0]
[0.1004, 0.1338, 137.2, 2, 0.5, 0]
[0.1004, 0.13224999999999998, 137.2, 2, 0.5, 0]
[0.1004, 0.127, 137.2, 2, 0.5, 0]
[0.1004, 0.12545, 137.2, 2, 0.5, 0]
[0.1004, 0.12375, 137.2, 2, 0.5, 0]
[0.1004, 0.12225, 137.2, 2, 0.5, 0]
[0.1004, 0.12069999999999999, 137.2, 2, 0.5, 0]
[0.1004, 0.11925, 137.2, 2, 0.5, 0]
[0.1004, 0.11775, 137.2, 2, 0.5, 0]
[0.1004, 0.11624999999999999, 137.2, 2, 0.5, 0]
[0.1004, 0.1147, 137.2, 2, 0.5, 0]
[0.1004, 0.1132, 137.2, 2, 0.5, 0]
[0.1004, 0.1117, 137.2, 2, 0.5, 0]
[0.1004, 0.11019999999999999, 137.2, 2, 0.5, 0]
[0.1004, 0.10869999999999999, 137.2, 2, 0.5, 0]
[0.1004, 0.10719999999999999, 137.2, 2, 0.5, 0]
[0.1004, 0.15055, 137.2, 2, 0.5, 0]
[0.1004, 0.151, 137.2, 2, 0.5, 0]
[0.1004, 0.1515, 137.2, 2, 0.5, 0]
[0.1004, 0.15209999999999999, 137.2, 2, 0.5, 0]
[0.1004, 0.1528, 137.2, 2, 0.5, 0]
[0.1004, 0.15355, 137.2, 2, 0.5, 0]
[0.1004, 0.15445, 137.2, 2, 0.5, 0]
[0.1004, 0.15539999999999998, 137.2, 2, 0.5, 0]
[0.1004, 0.15645, 137.2, 2, 0.5, 0]
[0.1004, 0.1576, 137.2, 2, 0.5, 0]
[0.1004, 0.15885, 137.2, 2, 0.5, 0]
[0.1004, 0.1602, 137.2, 2, 0.5, 0]
[0.1004, 0.1616, 137.2, 2, 0.5, 0]
[0.1004, 0.1631, 137.2, 2, 0.5, 0]
[0.1004, 0.1646, 137.2, 2, 0.5, 0]
[0.1004, 0.1662, 137.2, 2, 0.5, 0]
[0.1004, 0.1677, 137.2, 2, 0.5, 0]
[0.1004, 0.17325, 137.2, 2, 0.5, 0]
[0.1004, 0.17525, 137.2, 2, 0.5, 0]
[0.1004, 0.17675, 137.2, 2, 0.5, 0]
[0.1004, 0.1783, 137.2, 2, 0.5, 0]
[0.1004, 0.1798, 137.2, 2, 0.5, 0]
[0.1004, 0.18135, 137.2, 2, 0.5, 0]
[0.1004, 0.18285, 137.2, 2, 0.5, 0]
[0.1004, 0.18434999999999999, 137.2, 2, 0.5, 0]
[0.1004, 0.18585, 137.2, 2, 0.5, 0]
[0.1004, 0.1873, 137.2, 2, 0.5, 0]
[0.1004, 0.189, 137.2, 2, 0.5, 0]
[0.1004, 0.1905, 137.2, 2, 0.5, 0]
[0.1004, 0.192, 137.2, 2, 0.5, 0]
[0.1004, 0.1936, 137.2, 2, 0.5, 0]
[0.1004, 0.1951, 137.2, 2, 0.5, 0]
[0.1004, 0.19655, 137.2, 2, 0.5, 0]
[0.1004, 0.20195, 137.2, 2, 0.5, 0]
[0.1004, 0.20405, 137.2, 2, 0.5, 0]
[0.1004, 0.20555, 137.2, 2, 0.5, 0]
[0.1004, 0.2071, 137.2, 2, 0.5, 0]
[0.1004, 0.20865, 137.2, 2, 0.5, 0]
[0.1004, 0.2102, 137.2, 2, 0.5, 0]
[0.1004, 0.21165, 137.2, 2, 0.5, 0]
[0.1004, 0.13545, 137.2, 2, 0.5, 0]
[0.1004, 0.13545, 137.31, 2, 0.5, 0]
[0.1004, 0.13545, 137.42000000000002, 2, 0.5, 0]
[0.1004, 0.13545, 137.53000000000003, 2, 0.5, 0]
[0.1004, 0.13545, 137.64000000000004, 2, 0.5, 0]
[0.1004, 0.13545, 137.75000000000006, 2, 0.5, 0]
[0.1004, 0.13545, 137.86000000000007, 2, 0.5, 0]
[0.1004, 0.13545, 137.74980000000005, 2, 0.5, 0]
[0.1004, 0.13545, 137.74980000000005, 2, 0.5, 0]
[0.1005, 0.13545, 137.74980000000005, 2, 0.5, 0]
[0.1008, 0.13545, 137.74980000000005, 2, 0.5, 0]
[0.1018, 0.13545, 137.74980000000005, 2, 0.5, 0]
[0.10235, 0.13545, 137.74980000000005, 2, 0.5, 0]
[0.10300000000000001, 0.13545, 137.74980000000005, 2, 0.5, 0]
[0.10375000000000001, 0.13545, 137.74980000000005, 2, 0.5, 0]
[0.1046, 0.13545, 137.74980000000005, 2, 0.5, 0]
[0.10555, 0.13545, 137.74980000000005, 2, 0.5, 0]
[0.1065, 0.13545, 137.74980000000005, 2, 0.5, 0]
[0.10765000000000001, 0.13545, 137.74980000000005, 2, 0.5, 0]
[0.10925, 0.13545, 137.74980000000005, 2, 0.5, 0]
[0.1106, 0.13545, 137.74980000000005, 2, 0.5, 0]
[0.11195000000000001, 0.13545, 137.74980000000005, 2, 0.5, 0]
[0.11345000000000001, 0.13545, 137.74980000000005, 2, 0.5, 0]
[0.11495, 0.13545, 137.74980000000005, 2, 0.5, 0]
[0.1165, 0.13545, 137.74980000000005, 2, 0.5, 0]
[0.11795, 0.13545, 137.74980000000005, 2, 0.5, 0]
[0.0998, 0.13545, 137.74980000000005, 2, 0.5, 0]
[0.0994, 0.13545, 137.74980000000005, 2, 0.5, 0]
[0.0989, 0.13545, 137.74980000000005, 2, 0.5, 0]
[0.09835, 0.13545, 137.74980000000005, 2, 0.5, 0]
[0.09770000000000001, 0.13545, 137.74980000000005, 2, 0.5, 0]
[0.09695000000000001, 0.13545, 137.74980000000005, 2, 0.5, 0]
[0.09615, 0.13545, 137.74980000000005, 2, 0.5, 0]
[0.0952, 0.13545, 137.74980000000005, 2, 0.5, 0]
[0.0942, 0.13545, 137.74980000000005, 2, 0.5, 0]
[0.09305000000000001, 0.13545, 137.74980000000005, 2, 0.5, 0]
[0.09190000000000001, 0.13545, 137.74980000000005, 2, 0.5, 0]
[0.09065000000000001, 0.13545, 137.74980000000005, 2, 0.5, 0]
[0.0891, 0.13545, 137.74980000000005, 2, 0.5, 0]
[0.08745, 0.13545, 137.74980000000005, 2, 0.5, 0]
[0.08595, 0.13545, 137.74980000000005, 2, 0.5, 0]
[0.0844, 0.13545, 137.74980000000005, 2, 0.5, 0]
[0.0829, 0.13545, 137.74980000000005, 2, 0.5, 0]
[0.0775, 0.13545, 137.74980000000005, 2, 0.5, 0]
[0.0756, 0.13545, 137.74980000000005, 2, 0.5, 0]
[0.07405, 0.13545, 137.74980000000005, 2, 0.5, 0]
[0.07250000000000001, 0.13545, 137.74980000000005, 2, 0.5, 0]
[0.07100000000000001, 0.13545, 137.74980000000005, 2, 0.5, 0]
[0.06945, 0.13545, 137.74980000000005, 2, 0.5, 0]
[0.0679, 0.13545, 137.74980000000005, 2, 0.5, 0]
[0.0664, 0.13545, 137.74980000000005, 2, 0.5, 0]
[0.06475, 0.13545, 137.74980000000005, 2, 0.5, 0]
[0.06325, 0.13545, 137.74980000000005, 2, 0.5, 0]
[0.06175, 0.13545, 137.74980000000005, 2, 0.5, 0]
[0.060200000000000004, 0.13545, 137.74980000000005, 2, 0.5, 0]
[0.0585, 0.13545, 137.74980000000005, 2, 0.5, 0]
[0.05695, 0.13545, 137.74980000000005, 2, 0.5, 0]
[0.0555, 0.13545, 137.74980000000005, 2, 0.5, 0]
[0.054, 0.13545, 137.74980000000005, 2, 0.5, 0]
[0.099, 0.13545, 137.74980000000005, 2, 0.5, 0]
[0.099, 0.1354, 137.74980000000005, 2, 0.5, 0]
[0.099, 0.1354, 137.74980000000005, 2, 0.5, 0]
[0.099, 0.1354, 137.74980000000005, 2, 0.5, 0]
[0.099, 0.13545, 137.74980000000005, 2, 0.5, 0]
[0.099, 0.1364, 137.74980000000005, 2, 0.5, 0]
[0.099, 0.1371, 137.74980000000005, 2, 0.5, 0]
[0.099, 0.13779999999999998, 137.74980000000005, 2, 0.5, 0]
[0.099, 0.13854999999999998, 137.74980000000005, 2, 0.5, 0]
[0.099, 0.13934999999999997, 137.74980000000005, 2, 0.5, 0]
[0.099, 0.14024999999999999, 137.74980000000005, 2, 0.5, 0]
[0.099, 0.14129999999999998, 137.74980000000005, 2, 0.5, 0]
[0.099, 0.14265, 137.74980000000005, 2, 0.5, 0]
[0.099, 0.1439, 137.74980000000005, 2, 0.5, 0]
[0.099, 0.14864999999999998, 137.74980000000005, 2, 0.5, 0]
[0.099, 0.15025, 137.74980000000005, 2, 0.5, 0]
[0.099, 0.15175, 137.74980000000005, 2, 0.5, 0]
[0.099, 0.1533, 137.74980000000005, 2, 0.5, 0]
[0.099, 0.15489999999999998, 137.74980000000005, 2, 0.5, 0]
[0.099, 0.15639999999999998, 137.74980000000005, 2, 0.5, 0]
[0.099, 0.15789999999999998, 137.74980000000005, 2, 0.5, 0]
[0.099, 0.15949999999999998, 137.74980000000005, 2, 0.5, 0]
[0.099, 0.16105, 137.74980000000005, 2, 0.5, 0]
[0.099, 0.1626, 137.74980000000005, 2, 0.5, 0]
[0.099, 0.1641, 137.74980000000005, 2, 0.5, 0]
[0.099, 0.16554999999999997, 137.74980000000005, 2, 0.5, 0]
[0.099, 0.16704999999999998, 137.74980000000005, 2, 0.5, 0]
[0.099, 0.16859999999999997, 137.74980000000005, 2, 0.5, 0]
[0.099, 0.17009999999999997, 137.74980000000005, 2, 0.5, 0]
[0.099, 0.17165, 137.74980000000005, 2, 0.5, 0]
[0.099, 0.1732, 137.74980000000005, 2, 0.5, 0]
[0.099, 0.17675, 137.74980000000005, 2, 0.5, 0]
[0.099, 0.1784, 137.74980000000005, 2, 0.5, 0]
[0.099, 0.17995, 137.74980000000005, 2, 0.5, 0]
[0.099, 0.15789999999999998, 137.74980000000005, 2, 0.5, 0]
[0.099, 0.15789999999999998, 137.81280000000004, 2, 0.5, 0]
[0.099, 0.15789999999999998, 137.87580000000003, 2, 0.5, 0]
[0.099, 0.15789999999999998, 137.93880000000001, 2, 0.5, 0]
[0.099, 0.15789999999999998, 138.0018, 2, 0.5, 0]
[0.099, 0.15789999999999998, 138.0648, 2, 0.5, 0]
[0.099, 0.15789999999999998, 138.12779999999998, 2, 0.5, 0]
[0.099, 0.15789999999999998, 138.19079999999997, 2, 0.5, 0]
[0.099, 0.15789999999999998, 138.12759999999997, 2, 0.5, 0]
[0.099, 0.15789999999999998, 138.12759999999997, 2, 0.5, 0]
[0.099, 0.15789999999999998, 138.12759999999997, 2, 0.5, 0]
[0.0985, 0.15789999999999998, 138.12759999999997, 2, 0.5, 0]
[0.09755, 0.15789999999999998, 138.12759999999997, 2, 0.5, 0]
[0.09675, 0.15789999999999998, 138.12759999999997, 2, 0.5, 0]
[0.09605000000000001, 0.15789999999999998, 138.12759999999997, 2, 0.5, 0]
[0.09525, 0.15789999999999998, 138.12759999999997, 2, 0.5, 0]
[0.09440000000000001, 0.15789999999999998, 138.12759999999997, 2, 0.5, 0]
[0.09340000000000001, 0.15789999999999998, 138.12759999999997, 2, 0.5, 0]
[0.09225, 0.15789999999999998, 138.12759999999997, 2, 0.5, 0]
[0.09090000000000001, 0.15789999999999998, 138.12759999999997, 2, 0.5, 0]
[0.0896, 0.15789999999999998, 138.12759999999997, 2, 0.5, 0]
[0.0883, 0.15789999999999998, 138.12759999999997, 2, 0.5, 0]
[0.099, 0.15789999999999998, 138.12759999999997, 2, 0.5, 0]
[0.09915, 0.15789999999999998, 138.12759999999997, 2, 0.5, 0]
[0.09945000000000001, 0.15789999999999998, 138.12759999999997, 2, 0.5, 0]
[0.10105, 0.15789999999999998, 138.12759999999997, 2, 0.5, 0]
[0.1017, 0.15789999999999998, 138.12759999999997, 2, 0.5, 0]
[0.10255, 0.15789999999999998, 138.12759999999997, 2, 0.5, 0]
[0.1034, 0.15789999999999998, 138.12759999999997, 2, 0.5, 0]
[0.10435, 0.15789999999999998, 138.12759999999997, 2, 0.5, 0]
[0.10540000000000001, 0.15789999999999998, 138.12759999999997, 2, 0.5, 0]
[0.10650000000000001, 0.15789999999999998, 138.12759999999997, 2, 0.5, 0]
[0.10775000000000001, 0.15789999999999998, 138.12759999999997, 2, 0.5, 0]
[0.10905000000000001, 0.15789999999999998, 138.12759999999997, 2, 0.5, 0]
[0.11045, 0.15789999999999998, 138.12759999999997, 2, 0.5, 0]
[0.1119, 0.15789999999999998, 138.12759999999997, 2, 0.5, 0]
[0.1134, 0.15789999999999998, 138.12759999999997, 2, 0.5, 0]
[0.11495000000000001, 0.15789999999999998, 138.12759999999997, 2, 0.5, 0]
[0.1165, 0.15789999999999998, 138.12759999999997, 2, 0.5, 0]
[0.11800000000000001, 0.15789999999999998, 138.12759999999997, 2, 0.5, 0]
[0.11950000000000001, 0.15789999999999998, 138.12759999999997, 2, 0.5, 0]
[0.12095, 0.15789999999999998, 138.12759999999997, 2, 0.5, 0]
[0.12645, 0.15789999999999998, 138.12759999999997, 2, 0.5, 0]
[0.12795, 0.15789999999999998, 138.12759999999997, 2, 0.5, 0]
[0.12965000000000002, 0.15789999999999998, 138.12759999999997, 2, 0.5, 0]
[0.1311, 0.15789999999999998, 138.12759999999997, 2, 0.5, 0]
[0.1326, 0.15789999999999998, 138.12759999999997, 2, 0.5, 0]
[0.1101, 0.15789999999999998, 138.12759999999997, 2, 0.5, 0]
[0.1101, 0.15789999999999998, 138.12759999999997, 2, 0.5, 0]
[0.1101, 0.15794999999999998, 138.12759999999997, 2, 0.5, 0]
[0.1101, 0.15794999999999998, 138.12759999999997, 2, 0.5, 0]
[0.1101, 0.15849999999999997, 138.12759999999997, 2, 0.5, 0]
[0.1101, 0.1591, 138.12759999999997, 2, 0.5, 0]
[0.1101, 0.15965, 138.12759999999997, 2, 0.5, 0]
[0.1101, 0.16244999999999998, 138.12759999999997, 2, 0.5, 0]
[0.1101, 0.16374999999999998, 138.12759999999997, 2, 0.5, 0]
[0.1101, 0.16479999999999997, 138.12759999999997, 2, 0.5, 0]
[0.1101, 0.16595, 138.12759999999997, 2, 0.5, 0]
[0.1101, 0.16724999999999998, 138.12759999999997, 2, 0.5, 0]
[0.1101, 0.16859999999999997, 138.12759999999997, 2, 0.5, 0]
[0.1101, 0.17009999999999997, 138.12759999999997, 2, 0.5, 0]
[0.1101, 0.17154999999999998, 138.12759999999997, 2, 0.5, 0]
[0.1101, 0.17309999999999998, 138.12759999999997, 2, 0.5, 0]
[0.1101, 0.17459999999999998, 138.12759999999997, 2, 0.5, 0]
[0.1101, 0.17609999999999998, 138.12759999999997, 2, 0.5, 0]
[0.1101, 0.17764999999999997, 138.12759999999997, 2, 0.5, 0]
[0.1101, 0.17909999999999998, 138.12759999999997, 2, 0.5, 0]
[0.1101, 0.18064999999999998, 138.12759999999997, 2, 0.5, 0]
[0.1101, 0.18219999999999997, 138.12759999999997, 2, 0.5, 0]
[0.1101, 0.1838, 138.12759999999997, 2, 0.5, 0]
[0.1101, 0.18935, 138.12759999999997, 2, 0.5, 0]
[0.1101, 0.17459999999999998, 138.12759999999997, 2, 0.5, 0]
[0.1101, 0.17459999999999998, 138.18484999999998, 2, 0.5, 0]
[0.1101, 0.17459999999999998, 138.2421, 2, 0.5, 0]
[0.1101, 0.17459999999999998, 138.29935, 2, 0.5, 0]
[0.1101, 0.17459999999999998, 138.35660000000001, 2, 0.5, 0]
[0.1101, 0.17459999999999998, 138.41385000000002, 2, 0.5, 0]
[0.1101, 0.17459999999999998, 138.47110000000004, 2, 0.5, 0]
[0.1101, 0.17459999999999998, 138.41365000000002, 2, 0.5, 0]
[0.11015, 0.17459999999999998, 138.41365000000002, 2, 0.5, 0]
[0.11015, 0.17459999999999998, 138.41365000000002, 2, 0.5, 0]
[0.1105, 0.17459999999999998, 138.41365000000002, 2, 0.5, 0]
[0.1109, 0.17459999999999998, 138.41365000000002, 2, 0.5, 0]
[0.11130000000000001, 0.17459999999999998, 138.41365000000002, 2, 0.5, 0]
[0.11185, 0.17459999999999998, 138.41365000000002, 2, 0.5, 0]
[0.11245000000000001, 0.17459999999999998, 138.41365000000002, 2, 0.5, 0]
[0.11315, 0.17459999999999998, 138.41365000000002, 2, 0.5, 0]
[0.1139, 0.17459999999999998, 138.41365000000002, 2, 0.5, 0]
[0.11485000000000001, 0.17459999999999998, 138.41365000000002, 2, 0.5, 0]
[0.1158, 0.17459999999999998, 138.41365000000002, 2, 0.5, 0]
[0.1169, 0.17459999999999998, 138.41365000000002, 2, 0.5, 0]
[0.11805, 0.17459999999999998, 138.41365000000002, 2, 0.5, 0]
[0.1193, 0.17459999999999998, 138.41365000000002, 2, 0.5, 0]
[0.12065000000000001, 0.17459999999999998, 138.41365000000002, 2, 0.5, 0]
[0.12215000000000001, 0.17459999999999998, 138.41365000000002, 2, 0.5, 0]
[0.1274, 0.17459999999999998, 138.41365000000002, 2, 0.5, 0]
[0.12895, 0.17459999999999998, 138.41365000000002, 2, 0.5, 0]
[0.1305, 0.17459999999999998, 138.41365000000002, 2, 0.5, 0]
[0.11, 0.17459999999999998, 138.41365000000002, 2, 0.5, 0]
[0.10980000000000001, 0.17459999999999998, 138.41365000000002, 2, 0.5, 0]
[0.1095, 0.17459999999999998, 138.41365000000002, 2, 0.5, 0]
[0.1091, 0.17459999999999998, 138.41365000000002, 2, 0.5, 0]
[0.1086, 0.17459999999999998, 138.41365000000002, 2, 0.5, 0]
[0.10805000000000001, 0.17459999999999998, 138.41365000000002, 2, 0.5, 0]
[0.10740000000000001, 0.17459999999999998, 138.41365000000002, 2, 0.5, 0]
[0.10665000000000001, 0.17459999999999998, 138.41365000000002, 2, 0.5, 0]
[0.1058, 0.17459999999999998, 138.41365000000002, 2, 0.5, 0]
[0.10485, 0.17459999999999998, 138.41365000000002, 2, 0.5, 0]
[0.10075, 0.17459999999999998, 138.41365000000002, 2, 0.5, 0]
[0.09905, 0.17459999999999998, 138.41365000000002, 2, 0.5, 0]
[0.0976, 0.17459999999999998, 138.41365000000002, 2, 0.5, 0]
[0.09615, 0.17459999999999998, 138.41365000000002, 2, 0.5, 0]
[0.09465, 0.17459999999999998, 138.41365000000002, 2, 0.5, 0]
[0.0931, 0.17459999999999998, 138.41365000000002, 2, 0.5, 0]
[0.0916, 0.17459999999999998, 138.41365000000002, 2, 0.5, 0]
[0.0901, 0.17459999999999998, 138.41365000000002, 2, 0.5, 0]
[0.08865, 0.17459999999999998, 138.41365000000002, 2, 0.5, 0]
[0.0872, 0.17459999999999998, 138.41365000000002, 2, 0.5, 0]
[0.08565, 0.17459999999999998, 138.41365000000002, 2, 0.5, 0]
[0.08415, 0.17459999999999998, 138.41365000000002, 2, 0.5, 0]
[0.08265, 0.17459999999999998, 138.41365000000002, 2, 0.5, 0]
[0.11195000000000001, 0.17459999999999998, 138.41365000000002, 2, 0.5, 0]
[0.11195000000000001, 0.1745, 138.41365000000002, 2, 0.5, 0]
[0.11195000000000001, 0.17454999999999998, 138.41365000000002, 2, 0.5, 0]
[0.11195000000000001, 0.17509999999999998, 138.41365000000002, 2, 0.5, 0]
[0.11195000000000001, 0.17559999999999998, 138.41365000000002, 2, 0.5, 0]
[0.11195000000000001, 0.17614999999999997, 138.41365000000002, 2, 0.5, 0]
[0.11195000000000001, 0.17675, 138.41365000000002, 2, 0.5, 0]
[0.11195000000000001, 0.17744999999999997, 138.41365000000002, 2, 0.5, 0]
[0.11195000000000001, 0.17819999999999997, 138.41365000000002, 2, 0.5, 0]
[0.11195000000000001, 0.17909999999999998, 138.41365000000002, 2, 0.5, 0]
[0.11195000000000001, 0.18009999999999998, 138.41365000000002, 2, 0.5, 0]
[0.11195000000000001, 0.18114999999999998, 138.41365000000002, 2, 0.5, 0]
[0.11195000000000001, 0.1823, 138.41365000000002, 2, 0.5, 0]
[0.11195000000000001, 0.18349999999999997, 138.41365000000002, 2, 0.5, 0]
[0.11195000000000001, 0.18489999999999998, 138.41365000000002, 2, 0.5, 0]
[0.11195000000000001, 0.18629999999999997, 138.41365000000002, 2, 0.5, 0]
[0.11195000000000001, 0.1919, 138.41365000000002, 2, 0.5, 0]
[0.11195000000000001, 0.19349999999999998, 138.41365000000002, 2, 0.5, 0]
[0.11195000000000001, 0.19494999999999998, 138.41365000000002, 2, 0.5, 0]
[0.11195000000000001, 0.19639999999999996, 138.41365000000002, 2, 0.5, 0]
[0.11195000000000001, 0.19795, 138.41365000000002, 2, 0.5, 0]
[0.11195000000000001, 0.18489999999999998, 138.41365000000002, 2, 0.5, 0]
[0.11195000000000001, 0.18489999999999998, 138.4659, 2, 0.5, 0]
[0.11195000000000001, 0.18489999999999998, 138.51815, 2, 0.5, 0]
[0.11195000000000001, 0.18489999999999998, 138.57039999999998, 2, 0.5, 0]
[0.11195000000000001, 0.18489999999999998, 138.62264999999996, 2, 0.5, 0]
[0.11195000000000001, 0.18489999999999998, 138.57019999999997, 2, 0.5, 0]
[0.11190000000000001, 0.18489999999999998, 138.57019999999997, 2, 0.5, 0]
[0.11180000000000001, 0.18489999999999998, 138.57019999999997, 2, 0.5, 0]
[0.11155000000000001, 0.18489999999999998, 138.57019999999997, 2, 0.5, 0]
[0.11120000000000001, 0.18489999999999998, 138.57019999999997, 2, 0.5, 0]
[0.11075, 0.18489999999999998, 138.57019999999997, 2, 0.5, 0]
[0.1102, 0.18489999999999998, 138.57019999999997, 2, 0.5, 0]
[0.1096, 0.18489999999999998, 138.57019999999997, 2, 0.5, 0]
[0.10675000000000001, 0.18489999999999998, 138.57019999999997, 2, 0.5, 0]
[0.1057, 0.18489999999999998, 138.57019999999997, 2, 0.5, 0]
[0.11190000000000001, 0.18489999999999998, 138.57019999999997, 2, 0.5, 0]
[0.11205000000000001, 0.18489999999999998, 138.57019999999997, 2, 0.5, 0]
[0.11230000000000001, 0.18489999999999998, 138.57019999999997, 2, 0.5, 0]
[0.11265000000000001, 0.18489999999999998, 138.57019999999997, 2, 0.5, 0]
[0.1131, 0.18489999999999998, 138.57019999999997, 2, 0.5, 0]
[0.11365, 0.18489999999999998, 138.57019999999997, 2, 0.5, 0]
[0.11425, 0.18489999999999998, 138.57019999999997, 2, 0.5, 0]
[0.11495000000000001, 0.18489999999999998, 138.57019999999997, 2, 0.5, 0]
[0.11575, 0.18489999999999998, 138.57019999999997, 2, 0.5, 0]
[0.11665, 0.18489999999999998, 138.57019999999997, 2, 0.5, 0]
[0.11765, 0.18489999999999998, 138.57019999999997, 2, 0.5, 0]
[0.12035000000000001, 0.18489999999999998, 138.57019999999997, 2, 0.5, 0]
[0.12165000000000001, 0.18489999999999998, 138.57019999999997, 2, 0.5, 0]
[0.12305, 0.18489999999999998, 138.57019999999997, 2, 0.5, 0]
[0.12450000000000001, 0.18489999999999998, 138.57019999999997, 2, 0.5, 0]
[0.126, 0.18489999999999998, 138.57019999999997, 2, 0.5, 0]
[0.1275, 0.18489999999999998, 138.57019999999997, 2, 0.5, 0]
[0.12905, 0.18489999999999998, 138.57019999999997, 2, 0.5, 0]
[0.1306, 0.18489999999999998, 138.57019999999997, 2, 0.5, 0]
[0.1321, 0.18489999999999998, 138.57019999999997, 2, 0.5, 0]
[0.13365000000000002, 0.18489999999999998, 138.57019999999997, 2, 0.5, 0]
[0.13520000000000001, 0.18489999999999998, 138.57019999999997, 2, 0.5, 0]
[0.13670000000000002, 0.18489999999999998, 138.57019999999997, 2, 0.5, 0]
[0.1208, 0.18489999999999998, 138.57019999999997, 2, 0.5, 0]
[0.1208, 0.18669999999999998, 138.57019999999997, 2, 0.5, 0]
[0.1208, 0.18735, 138.57019999999997, 2, 0.5, 0]
[0.1208, 0.1881, 138.57019999999997, 2, 0.5, 0]
[0.1208, 0.18894999999999998, 138.57019999999997, 2, 0.5, 0]
[0.1208, 0.18979999999999997, 138.57019999999997, 2, 0.5, 0]
[0.1208, 0.19079999999999997, 138.57019999999997, 2, 0.5, 0]
[0.1208, 0.19185, 138.57019999999997, 2, 0.5, 0]
[0.1208, 0.19299999999999998, 138.57019999999997, 2, 0.5, 0]
[0.1208, 0.19429999999999997, 138.57019999999997, 2, 0.5, 0]
[0.1208, 0.19565, 138.57019999999997, 2, 0.5, 0]
[0.1208, 0.19709999999999997, 138.57019999999997, 2, 0.5, 0]
[0.1208, 0.19859999999999997, 138.57019999999997, 2, 0.5, 0]
[0.1208, 0.20004999999999998, 138.57019999999997, 2, 0.5, 0]
[0.1208, 0.20159999999999997, 138.57019999999997, 2, 0.5, 0]
[0.1208, 0.20315, 138.57019999999997, 2, 0.5, 0]
[0.1208, 0.2085, 138.57019999999997, 2, 0.5, 0]
[0.1208, 0.19429999999999997, 138.57019999999997, 2, 0.5, 0]
[0.1208, 0.19429999999999997, 138.61969999999997, 2, 0.5, 0]
[0.1208, 0.19429999999999997, 138.66919999999996, 2, 0.5, 0]
[0.1208, 0.19429999999999997, 138.71869999999996, 2, 0.5, 0]
[0.1208, 0.19429999999999997, 138.76819999999995, 2, 0.5, 0]
[0.1208, 0.19429999999999997, 138.81769999999995, 2, 0.5, 0]
[0.1208, 0.19429999999999997, 138.86719999999994, 2, 0.5, 0]
[0.1208, 0.19429999999999997, 138.91669999999993, 2, 0.5, 0]
[0.1208, 0.19429999999999997, 138.86699999999993, 2, 0.5, 0]
[0.1208, 0.19429999999999997, 138.86699999999993, 2, 0.5, 0]
[0.12090000000000001, 0.19429999999999997, 138.86699999999993, 2, 0.5, 0]
[0.12135, 0.19429999999999997, 138.86699999999993, 2, 0.5, 0]
[0.12175000000000001, 0.19429999999999997, 138.86699999999993, 2, 0.5, 0]
[0.12225000000000001, 0.19429999999999997, 138.86699999999993, 2, 0.5, 0]
[0.12285, 0.19429999999999997, 138.86699999999993, 2, 0.5, 0]
[0.1235, 0.19429999999999997, 138.86699999999993, 2, 0.5, 0]
[0.12425, 0.19429999999999997, 138.86699999999993, 2, 0.5, 0]
[0.12510000000000002, 0.19429999999999997, 138.86699999999993, 2, 0.5, 0]
[0.12605, 0.19429999999999997, 138.86699999999993, 2, 0.5, 0]
[0.12705, 0.19429999999999997, 138.86699999999993, 2, 0.5, 0]
[0.1282, 0.19429999999999997, 138.86699999999993, 2, 0.5, 0]
[0.12945, 0.19429999999999997, 138.86699999999993, 2, 0.5, 0]
[0.1307, 0.19429999999999997, 138.86699999999993, 2, 0.5, 0]
[0.13215000000000002, 0.19429999999999997, 138.86699999999993, 2, 0.5, 0]
[0.12075000000000001, 0.19429999999999997, 138.86699999999993, 2, 0.5, 0]
[0.12050000000000001, 0.19429999999999997, 138.86699999999993, 2, 0.5, 0]
[0.1202, 0.19429999999999997, 138.86699999999993, 2, 0.5, 0]
[0.11985, 0.19429999999999997, 138.86699999999993, 2, 0.5, 0]
[0.1194, 0.19429999999999997, 138.86699999999993, 2, 0.5, 0]
[0.1188, 0.19429999999999997, 138.86699999999993, 2, 0.5, 0]
[0.11815, 0.19429999999999997, 138.86699999999993, 2, 0.5, 0]
[0.1174, 0.19429999999999997, 138.86699999999993, 2, 0.5, 0]
[0.11655, 0.19429999999999997, 138.86699999999993, 2, 0.5, 0]
[0.11560000000000001, 0.19429999999999997, 138.86699999999993, 2, 0.5, 0]
[0.11445000000000001, 0.19429999999999997, 138.86699999999993, 2, 0.5, 0]
[0.1133, 0.19429999999999997, 138.86699999999993, 2, 0.5, 0]
[0.1121, 0.19429999999999997, 138.86699999999993, 2, 0.5, 0]
[0.11080000000000001, 0.19429999999999997, 138.86699999999993, 2, 0.5, 0]
[0.1094, 0.19429999999999997, 138.86699999999993, 2, 0.5, 0]
[0.10790000000000001, 0.19429999999999997, 138.86699999999993, 2, 0.5, 0]
[0.10250000000000001, 0.19429999999999997, 138.86699999999993, 2, 0.5, 0]
[0.10095000000000001, 0.19429999999999997, 138.86699999999993, 2, 0.5, 0]
[0.12200000000000001, 0.19429999999999997, 138.86699999999993, 2, 0.5, 0]
[0.12200000000000001, 0.19429999999999997, 138.86699999999993, 2, 0.5, 0]
[0.12200000000000001, 0.19429999999999997, 138.86699999999993, 2, 0.5, 0]
[0.12200000000000001, 0.19429999999999997, 138.86699999999993, 2, 0.5, 0]
[0.12200000000000001, 0.19484999999999997, 138.86699999999993, 2, 0.5, 0]
[0.12200000000000001, 0.19544999999999998, 138.86699999999993, 2, 0.5, 0]
[0.12200000000000001, 0.19604999999999997, 138.86699999999993, 2, 0.5, 0]
[0.12200000000000001, 0.19669999999999999, 138.86699999999993, 2, 0.5, 0]
[0.12200000000000001, 0.19744999999999996, 138.86699999999993, 2, 0.5, 0]
[0.12200000000000001, 0.20079999999999998, 138.86699999999993, 2, 0.5, 0]
[0.12200000000000001, 0.20224999999999999, 138.86699999999993, 2, 0.5, 0]
[0.12200000000000001, 0.20354999999999998, 138.86699999999993, 2, 0.5, 0]
[0.12200000000000001, 0.20489999999999997, 138.86699999999993, 2, 0.5, 0]
[0.12200000000000001, 0.20629999999999998, 138.86699999999993, 2, 0.5, 0]
[0.12200000000000001, 0.20779999999999998, 138.86699999999993, 2, 0.5, 0]
[0.12200000000000001, 0.20929999999999999, 138.86699999999993, 2, 0.5, 0]
[0.12200000000000001, 0.21084999999999998, 138.86699999999993, 2, 0.5, 0]
[0.12200000000000001, 0.21249999999999997, 138.86699999999993, 2, 0.5, 0]
[0.12200000000000001, 0.21394999999999997, 138.86699999999993, 2, 0.5, 0]
[0.12200000000000001, 0.21544999999999997, 138.86699999999993, 2, 0.5, 0]
[0.12200000000000001, 0.21694999999999998, 138.86699999999993, 2, 0.5, 0]
[0.12200000000000001, 0.21844999999999998, 138.86699999999993, 2, 0.5, 0]
[0.12200000000000001, 0.22004999999999997, 138.86699999999993, 2, 0.5, 0]
[0.12200000000000001, 0.22154999999999997, 138.86699999999993, 2, 0.5, 0]
[0.12200000000000001, 0.21249999999999997, 138.86699999999993, 2, 0.5, 0]
[0.12200000000000001, 0.21249999999999997, 138.90849999999995, 2, 0.5, 0]
[0.12200000000000001, 0.21249999999999997, 138.94999999999996, 2, 0.5, 0]
[0.12200000000000001, 0.21249999999999997, 138.99149999999997, 2, 0.5, 0]
[0.12200000000000001, 0.21249999999999997, 139.033, 2, 0.5, 0]
[0.12200000000000001, 0.21249999999999997, 139.0745, 2, 0.5, 0]
[0.12200000000000001, 0.21249999999999997, 139.116, 2, 0.5, 0]
[0.12200000000000001, 0.21249999999999997, 139.0743, 2, 0.5, 0]
[0.12200000000000001, 0.21249999999999997, 139.0743, 2, 0.5, 0]
[0.12205, 0.21249999999999997, 139.0743, 2, 0.5, 0]
[0.12205, 0.21249999999999997, 139.0743, 2, 0.5, 0]
[0.12205, 0.21249999999999997, 139.0743, 2, 0.5, 0]
[0.12100000000000001, 0.21249999999999997, 139.0743, 2, 0.5, 0]
[0.12010000000000001, 0.21249999999999997, 139.0743, 2, 0.5, 0]
[0.11935000000000001, 0.21249999999999997, 139.0743, 2, 0.5, 0]
[0.12200000000000001, 0.21249999999999997, 139.0743, 2, 0.5, 0]
[0.12220000000000002, 0.21249999999999997, 139.0743, 2, 0.5, 0]
[0.12250000000000001, 0.21249999999999997, 139.0743, 2, 0.5, 0]
[0.12285000000000001, 0.21249999999999997, 139.0743, 2, 0.5, 0]
[0.12490000000000001, 0.21249999999999997, 139.0743, 2, 0.5, 0]
[0.126, 0.21249999999999997, 139.0743, 2, 0.5, 0]
[0.1269, 0.21249999999999997, 139.0743, 2, 0.5, 0]
[0.1279, 0.21249999999999997, 139.0743, 2, 0.5, 0]
[0.129, 0.21249999999999997, 139.0743, 2, 0.5, 0]
[0.1302, 0.21249999999999997, 139.0743, 2, 0.5, 0]
[0.13145, 0.21249999999999997, 139.0743, 2, 0.5, 0]
[0.1328, 0.21249999999999997, 139.0743, 2, 0.5, 0]
[0.13425, 0.21249999999999997, 139.0743, 2, 0.5, 0]
[0.1358, 0.21249999999999997, 139.0743, 2, 0.5, 0]
[0.12710000000000002, 0.21249999999999997, 139.0743, 2, 0.5, 0]
[0.12710000000000002, 0.21299999999999997, 139.0743, 2, 0.5, 0]
[0.12710000000000002, 0.21349999999999997, 139.0743, 2, 0.5, 0]
[0.12710000000000002, 0.21404999999999996, 139.0743, 2, 0.5, 0]
[0.12710000000000002, 0.21464999999999998, 139.0743, 2, 0.5, 0]
[0.12710000000000002, 0.21534999999999996, 139.0743, 2, 0.5, 0]
[0.12710000000000002, 0.21614999999999995, 139.0743, 2, 0.5, 0]
[0.12710000000000002, 0.21699999999999997, 139.0743, 2, 0.5, 0]
[0.12710000000000002, 0.21794999999999998, 139.0743, 2, 0.5, 0]
[0.12710000000000002, 0.21914999999999996, 139.0743, 2, 0.5, 0]
[0.12710000000000002, 0.22034999999999996, 139.0743, 2, 0.5, 0]
[0.12710000000000002, 0.22159999999999996, 139.0743, 2, 0.5, 0]
[0.12710000000000002, 0.22294999999999998, 139.0743, 2, 0.5, 0]
[0.12710000000000002, 0.21699999999999997, 139.0743, 2, 0.5, 0]
[0.12710000000000002, 0.21699999999999997, 139.1028, 2, 0.5, 0]
[0.12710000000000002, 0.21699999999999997, 139.1313, 2, 0.5, 0]
[0.12710000000000002, 0.21699999999999997, 139.15980000000002, 2, 0.5, 0]
[0.12710000000000002, 0.21699999999999997, 139.18830000000003, 2, 0.5, 0]
[0.12710000000000002, 0.21699999999999997, 139.21680000000003, 2, 0.5, 0]
[0.12710000000000002, 0.21699999999999997, 139.18810000000002, 2, 0.5, 0]
[0.12710000000000002, 0.21699999999999997, 139.18810000000002, 2, 0.5, 0]
[0.12715, 0.21699999999999997, 139.18810000000002, 2, 0.5, 0]
[0.12765, 0.21699999999999997, 139.18810000000002, 2, 0.5, 0]
[0.12805000000000002, 0.21699999999999997, 139.18810000000002, 2, 0.5, 0]
[0.12855000000000003, 0.21699999999999997, 139.18810000000002, 2, 0.5, 0]
[0.12910000000000002, 0.21699999999999997, 139.18810000000002, 2, 0.5, 0]
[0.12975000000000003, 0.21699999999999997, 139.18810000000002, 2, 0.5, 0]
[0.1305, 0.21699999999999997, 139.18810000000002, 2, 0.5, 0]
[0.13135000000000002, 0.21699999999999997, 139.18810000000002, 2, 0.5, 0]
[0.13235000000000002, 0.21699999999999997, 139.18810000000002, 2, 0.5, 0]
[0.13335000000000002, 0.21699999999999997, 139.18810000000002, 2, 0.5, 0]
[0.1345, 0.21699999999999997, 139.18810000000002, 2, 0.5, 0]
[0.13605, 0.21699999999999997, 139.18810000000002, 2, 0.5, 0]
[0.13235000000000002, 0.21699999999999997, 139.18810000000002, 2, 0.5, 0]
[0.13235000000000002, 0.21694999999999998, 139.18810000000002, 2, 0.5, 0]
[0.13235000000000002, 0.21699999999999997, 139.18810000000002, 2, 0.5, 0]
[0.13235000000000002, 0.21729999999999997, 139.18810000000002, 2, 0.5, 0]
[0.13235000000000002, 0.21774999999999997, 139.18810000000002, 2, 0.5, 0]
[0.13235000000000002, 0.21819999999999998, 139.18810000000002, 2, 0.5, 0]
[0.13235000000000002, 0.21874999999999997, 139.18810000000002, 2, 0.5, 0]
[0.13235000000000002, 0.21939999999999998, 139.18810000000002, 2, 0.5, 0]
[0.13235000000000002, 0.22009999999999996, 139.18810000000002, 2, 0.5, 0]
[0.13235000000000002, 0.22089999999999996, 139.18810000000002, 2, 0.5, 0]
[0.13235000000000002, 0.22179999999999997, 139.18810000000002, 2, 0.5, 0]
[0.13235000000000002, 0.22279999999999997, 139.18810000000002, 2, 0.5, 0]
[0.13235000000000002, 0.22384999999999997, 139.18810000000002, 2, 0.5, 0]
[0.13235000000000002, 0.22089999999999996, 139.18810000000002, 2, 0.5, 0]
[0.13235000000000002, 0.22089999999999996, 139.20635000000001, 2, 0.5, 0]
[0.13235000000000002, 0.22089999999999996, 139.2246, 2, 0.5, 0]
[0.13235000000000002, 0.22089999999999996, 139.24285, 2, 0.5, 0]
[0.13235000000000002, 0.22089999999999996, 139.2611, 2, 0.5, 0]
[0.13235000000000002, 0.22089999999999996, 139.24265, 2, 0.5, 0]
[0.13235000000000002, 0.22089999999999996, 139.24265, 2, 0.5, 0]
[0.13235000000000002, 0.22089999999999996, 139.24265, 2, 0.5, 0]
[0.13230000000000003, 0.22089999999999996, 139.24265, 2, 0.5, 0]
[0.13230000000000003, 0.22089999999999996, 139.24265, 2, 0.5, 0]
[0.13245, 0.22089999999999996, 139.24265, 2, 0.5, 0]
[0.13380000000000003, 0.22089999999999996, 139.24265, 2, 0.5, 0]
[0.13230000000000003, 0.22089999999999996, 139.24265, 2, 0.5, 0]
[0.1322, 0.22089999999999996, 139.24265, 2, 0.5, 0]
[0.13190000000000002, 0.22089999999999996, 139.24265, 2, 0.5, 0]
[0.13155000000000003, 0.22089999999999996, 139.24265, 2, 0.5, 0]
[0.13115000000000002, 0.22089999999999996, 139.24265, 2, 0.5, 0]
[0.13060000000000002, 0.22089999999999996, 139.24265, 2, 0.5, 0]
[0.13000000000000003, 0.22089999999999996, 139.24265, 2, 0.5, 0]
[0.12930000000000003, 0.22089999999999996, 139.24265, 2, 0.5, 0]
[0.12855000000000003, 0.22089999999999996, 139.24265, 2, 0.5, 0]
[0.12770000000000004, 0.22089999999999996, 139.24265, 2, 0.5, 0]
[0.1307, 0.22089999999999996, 139.24265, 2, 0.5, 0]
[0.1307, 0.22129999999999997, 139.24265, 2, 0.5, 0]
[0.1307, 0.22199999999999995, 139.24265, 2, 0.5, 0]
[0.1307, 0.22254999999999997, 139.24265, 2, 0.5, 0]
[0.1307, 0.22314999999999996, 139.24265, 2, 0.5, 0]
[0.1307, 0.22389999999999996, 139.24265, 2, 0.5, 0]
[0.1307, 0.22469999999999996, 139.24265, 2, 0.5, 0]
[0.1307, 0.22559999999999997, 139.24265, 2, 0.5, 0]
[0.1307, 0.22659999999999997, 139.24265, 2, 0.5, 0]
[0.1307, 0.22389999999999996, 139.24265, 2, 0.5, 0]
[0.1307, 0.22389999999999996, 139.25315, 2, 0.5, 0]
[0.1307, 0.22389999999999996, 139.26365, 2, 0.5, 0]
[0.1307, 0.22389999999999996, 139.27415000000002, 2, 0.5, 0]
[0.1307, 0.22389999999999996, 139.28465000000003, 2, 0.5, 0]
[0.1307, 0.22389999999999996, 139.29515000000004, 2, 0.5, 0]
[0.1307, 0.22389999999999996, 139.28445000000002, 2, 0.5, 0]
[0.1305, 0.22389999999999996, 139.28445000000002, 2, 0.5, 0]
[0.131, 0.22389999999999996, 139.28445000000002, 2, 0.5, 0]
[0.1312, 0.22389999999999996, 139.28445000000002, 2, 0.5, 0]
[0.13140000000000002, 0.22389999999999996, 139.28445000000002, 2, 0.5, 0]
[0.13160000000000002, 0.22389999999999996, 139.28445000000002, 2, 0.5, 0]
[0.1313, 0.22389999999999996, 139.28445000000002, 2, 0.5, 0]
[0.1313, 0.22409999999999997, 139.28445000000002, 2, 0.5, 0]
[0.1313, 0.22429999999999997, 139.28445000000002, 2, 0.5, 0]
[0.1313, 0.22449999999999995, 139.28445000000002, 2, 0.5, 0]
[0.1313, 0.22469999999999996, 139.28445000000002, 2, 0.5, 0]
[0.1313, 0.22439999999999996, 139.28445000000002, 2, 0.5, 0]
[0.1313, 0.22439999999999996, 139.28595, 2, 0.5, 0]
[0.1313, 0.22439999999999996, 139.28745, 2, 0.5, 0]
[0.1313, 0.22439999999999996, 139.28895, 2, 0.5, 0]
[0.1313, 0.22439999999999996, 139.29045, 2, 0.5, 0]
[0.1313, 0.22439999999999996, 139.28875, 2, 0.5, 0]
[0.1315, 0.22439999999999996, 139.28875, 2, 0.5, 0]
[0.131, 0.22439999999999996, 139.28875, 2, 0.5, 0]
[0.1308, 0.22439999999999996, 139.28875, 2, 0.5, 0]
[0.1311, 0.22439999999999996, 139.28875, 2, 0.5, 0]
[0.1311, 0.22459999999999997, 139.28875, 2, 0.5, 0]
[0.1311, 0.22479999999999997, 139.28875, 2, 0.5, 0]
[0.1311, 0.22499999999999995, 139.28875, 2, 0.5, 0]
[0.1311, 0.22469999999999996, 139.28875, 2, 0.5, 0]
[0.1311, 0.22469999999999996, 139.29025, 2, 0.5, 0]
[0.1311, 0.22469999999999996, 139.29174999999998, 2, 0.5, 0]
[0.1311, 0.22469999999999996, 139.29324999999997, 2, 0.5, 0]
[0.1311, 0.22469999999999996, 139.29474999999996, 2, 0.5, 0]
[0.1311, 0.22469999999999996, 139.29304999999997, 2, 0.5, 0]
[0.1309, 0.22469999999999996, 139.29304999999997, 2, 0.5, 0]
[0.1314, 0.22469999999999996, 139.29304999999997, 2, 0.5, 0]
[0.1311, 0.22469999999999996, 139.29304999999997, 2, 0.5, 0]
[0.1311, 0.22489999999999996, 139.29304999999997, 2, 0.5, 0]
[0.1311, 0.22509999999999997, 139.29304999999997, 2, 0.5, 0]
[0.1311, 0.22529999999999994, 139.29304999999997, 2, 0.5, 0]
[0.1311, 0.22499999999999995, 139.29304999999997, 2, 0.5, 0]
[0.13115, 0.22499999999999995, 139.29454999999996, 2, 0.5, 0]
[0.13115, 0.22499999999999995, 139.29364999999996, 2, 0.5, 0]
[0.13115, 0.22499999999999995, 139.29424999999995, 2, 0.5, 0]
[0.13115, 0.22499999999999995, 139.29344999999995, 2, 0.5, 0]
[0.13135, 0.22499999999999995, 139.29344999999995, 2, 0.5, 0]
[0.13085, 0.22499999999999995, 139.29344999999995, 2, 0.5, 0]
[0.13065, 0.22499999999999995, 139.29344999999995, 2, 0.5, 0]
[0.13094999999999998, 0.22499999999999995, 139.29344999999995, 2, 0.5, 0]
[0.13094999999999998, 0.22519999999999996, 139.29344999999995, 2, 0.5, 0]
[0.13094999999999998, 0.22469999999999996, 139.29344999999995, 2, 0.5, 0]
[0.13094999999999998, 0.22499999999999995, 139.29344999999995, 2, 0.5, 0]
[0.13094999999999998, 0.22504999999999994, 139.29494999999994, 2, 0.5, 0]
[0.13094999999999998, 0.22504999999999994, 139.29644999999994, 2, 0.5, 0]
[0.13094999999999998, 0.22504999999999994, 139.29794999999993, 2, 0.5, 0]
[0.13094999999999998, 0.22504999999999994, 139.29944999999992, 2, 0.5, 0]
[0.13094999999999998, 0.22504999999999994, 139.30094999999992, 2, 0.5, 0]
[0.13094999999999998, 0.22504999999999994, 139.3024499999999, 2, 0.5, 0]
[0.13094999999999998, 0.22504999999999994, 139.3007499999999, 2, 0.5, 0]
[0.13074999999999998, 0.22504999999999994, 139.3007499999999, 2, 0.5, 0]
[0.13124999999999998, 0.22504999999999994, 139.3007499999999, 2, 0.5, 0]
[0.13094999999999998, 0.22504999999999994, 139.3007499999999, 2, 0.5, 0]
[0.13094999999999998, 0.22484999999999994, 139.3007499999999, 2, 0.5, 0]
[0.13094999999999998, 0.22534999999999994, 139.3007499999999, 2, 0.5, 0]
[0.13094999999999998, 0.22554999999999994, 139.3007499999999, 2, 0.5, 0]
[0.13094999999999998, 0.22524999999999995, 139.3007499999999, 2, 0.5, 0]
[0.13099999999999998, 0.22524999999999995, 139.3022499999999, 2, 0.5, 0]
[0.13099999999999998, 0.22524999999999995, 139.3013499999999, 2, 0.5, 0]
[0.13099999999999998, 0.22524999999999995, 139.3019499999999, 2, 0.5, 0]
[0.13099999999999998, 0.22524999999999995, 139.3011499999999, 2, 0.5, 0]
[0.13119999999999998, 0.22524999999999995, 139.3011499999999, 2, 0.5, 0]
[0.13069999999999998, 0.22524999999999995, 139.3011499999999, 2, 0.5, 0]
[0.13049999999999998, 0.22524999999999995, 139.3011499999999, 2, 0.5, 0]
[0.13079999999999997, 0.22524999999999995, 139.3011499999999, 2, 0.5, 0]
[0.13079999999999997, 0.22544999999999996, 139.3011499999999, 2, 0.5, 0]
[0.13079999999999997, 0.22494999999999996, 139.3011499999999, 2, 0.5, 0]
[0.13079999999999997, 0.22524999999999995, 139.3011499999999, 2, 0.5, 0]
[0.13079999999999997, 0.22529999999999994, 139.3026499999999, 2, 0.5, 0]
[0.13079999999999997, 0.22529999999999994, 139.30414999999988, 2, 0.5, 0]
[0.13079999999999997, 0.22529999999999994, 139.30564999999987, 2, 0.5, 0]
[0.13079999999999997, 0.22529999999999994, 139.30394999999987, 2, 0.5, 0]
[0.13059999999999997, 0.22529999999999994, 139.30394999999987, 2, 0.5, 0]
[0.13109999999999997, 0.22529999999999994, 139.30394999999987, 2, 0.5, 0]
[0.13129999999999997, 0.22529999999999994, 139.30394999999987, 2, 0.5, 0]
[0.13149999999999998, 0.22529999999999994, 139.30394999999987, 2, 0.5, 0]
[0.13119999999999998, 0.22529999999999994, 139.30394999999987, 2, 0.5, 0]
[0.13119999999999998, 0.22509999999999994, 139.30394999999987, 2, 0.5, 0]
[0.13119999999999998, 0.22559999999999994, 139.30394999999987, 2, 0.5, 0]
[0.13119999999999998, 0.22579999999999995, 139.30394999999987, 2, 0.5, 0]
[0.13119999999999998, 0.22549999999999995, 139.30394999999987, 2, 0.5, 0]
[0.13119999999999998, 0.22549999999999995, 139.30544999999987, 2, 0.5, 0]
[0.13119999999999998, 0.22549999999999995, 139.30454999999986, 2, 0.5, 0]
[0.13119999999999998, 0.22549999999999995, 139.30418999999986, 2, 0.5, 0]
[0.13119999999999998, 0.22549999999999995, 139.29194999999987, 2, 0.5, 0]
[0.1314, 0.22549999999999995, 139.29194999999987, 2, 0.5, 0]
[0.1309, 0.22549999999999995, 139.29194999999987, 2, 0.5, 0]
[0.13069999999999998, 0.22549999999999995, 139.29194999999987, 2, 0.5, 0]
[0.13099999999999998, 0.22549999999999995, 139.29194999999987, 2, 0.5, 0]
[0.13099999999999998, 0.22569999999999996, 139.29194999999987, 2, 0.5, 0]
[0.13099999999999998, 0.22519999999999996, 139.29194999999987, 2, 0.5, 0]
[0.13099999999999998, 0.22499999999999995, 139.29194999999987, 2, 0.5, 0]
[0.13099999999999998, 0.22479999999999994, 139.29194999999987, 2, 0.5, 0]
[0.13099999999999998, 0.22459999999999994, 139.29194999999987, 2, 0.5, 0]
[0.13099999999999998, 0.22489999999999996, 139.29194999999987, 2, 0.5, 0]
[0.13099999999999998, 0.22489999999999996, 139.29344999999986, 2, 0.5, 0]
[0.13099999999999998, 0.22489999999999996, 139.29494999999986, 2, 0.5, 0]
[0.13099999999999998, 0.22489999999999996, 139.29644999999985, 2, 0.5, 0]
[0.13099999999999998, 0.22489999999999996, 139.29794999999984, 2, 0.5, 0]
[0.13099999999999998, 0.22489999999999996, 139.29624999999984, 2, 0.5, 0]
[0.13079999999999997, 0.22489999999999996, 139.29624999999984, 2, 0.5, 0]
[0.13129999999999997, 0.22489999999999996, 139.29624999999984, 2, 0.5, 0]
[0.13149999999999998, 0.22489999999999996, 139.29624999999984, 2, 0.5, 0]
[0.13119999999999998, 0.22489999999999996, 139.29624999999984, 2, 0.5, 0]
[0.13119999999999998, 0.22469999999999996, 139.29624999999984, 2, 0.5, 0]
[0.13119999999999998, 0.22519999999999996, 139.29624999999984, 2, 0.5, 0]
[0.13119999999999998, 0.22539999999999996, 139.29624999999984, 2, 0.5, 0]
[0.13119999999999998, 0.22509999999999997, 139.29624999999984, 2, 0.5, 0]
[0.13119999999999998, 0.22509999999999997, 139.29774999999984, 2, 0.5, 0]
[0.13119999999999998, 0.22509999999999997, 139.29684999999984, 2, 0.5, 0]
[0.13119999999999998, 0.22509999999999997, 139.29744999999983, 2, 0.5, 0]
[0.13119999999999998, 0.22509999999999997, 139.29664999999983, 2, 0.5, 0]
[0.1314, 0.22509999999999997, 139.29664999999983, 2, 0.5, 0]
[0.1309, 0.22509999999999997, 139.29664999999983, 2, 0.5, 0]
[0.13069999999999998, 0.22509999999999997, 139.29664999999983, 2, 0.5, 0]
[0.13099999999999998, 0.22509999999999997, 139.29664999999983, 2, 0.5, 0]
[0.13099999999999998, 0.22529999999999997, 139.29664999999983, 2, 0.5, 0]
[0.13099999999999998, 0.22549999999999998, 139.29664999999983, 2, 0.5, 0]
[0.13099999999999998, 0.22519999999999996, 139.29664999999983, 2, 0.5, 0]
[0.13099999999999998, 0.22519999999999996, 139.29814999999982, 2, 0.5, 0]
[0.13099999999999998, 0.22519999999999996, 139.29724999999982, 2, 0.5, 0]
[0.13099999999999998, 0.22519999999999996, 139.2978499999998, 2, 0.5, 0]
[0.13099999999999998, 0.22519999999999996, 139.2970499999998, 2, 0.5, 0]
[0.13079999999999997, 0.22519999999999996, 139.2970499999998, 2, 0.5, 0]
[0.13129999999999997, 0.22519999999999996, 139.2970499999998, 2, 0.5, 0]
[0.13099999999999998, 0.22519999999999996, 139.2970499999998, 2, 0.5, 0]
[0.13099999999999998, 0.22539999999999996, 139.2970499999998, 2, 0.5, 0]
[0.13099999999999998, 0.22489999999999996, 139.2970499999998, 2, 0.5, 0]
[0.13099999999999998, 0.22519999999999996, 139.2970499999998, 2, 0.5, 0]
[0.13104999999999997, 0.22524999999999995, 139.2985499999998, 2, 0.5, 0]
[0.13104999999999997, 0.22524999999999995, 139.2976499999998, 2, 0.5, 0]
[0.13104999999999997, 0.22524999999999995, 139.2982499999998, 2, 0.5, 0]
[0.13104999999999997, 0.22524999999999995, 139.2974499999998, 2, 0.5, 0]
[0.13124999999999998, 0.22524999999999995, 139.2974499999998, 2, 0.5, 0]
[0.13074999999999998, 0.22524999999999995, 139.2974499999998, 2, 0.5, 0]
[0.13054999999999997, 0.22524999999999995, 139.2974499999998, 2, 0.5, 0]
[0.13084999999999997, 0.22524999999999995, 139.2974499999998, 2, 0.5, 0]
[0.13084999999999997, 0.22504999999999994, 139.2974499999998, 2, 0.5, 0]
[0.13084999999999997, 0.22554999999999994, 139.2974499999998, 2, 0.5, 0]
[0.13084999999999997, 0.22524999999999995, 139.2974499999998, 2, 0.5, 0]
[0.13084999999999997, 0.22529999999999994, 139.2989499999998, 2, 0.5, 0]
[0.13084999999999997, 0.22529999999999994, 139.30044999999978, 2, 0.5, 0]
[0.13084999999999997, 0.22529999999999994, 139.30194999999978, 2, 0.5, 0]
[0.13084999999999997, 0.22529999999999994, 139.30024999999978, 2, 0.5, 0]
[0.13064999999999996, 0.22529999999999994, 139.30024999999978, 2, 0.5, 0]
[0.13044999999999995, 0.22529999999999994, 139.30024999999978, 2, 0.5, 0]
[0.13074999999999998, 0.22529999999999994, 139.30024999999978, 2, 0.5, 0]
[0.13074999999999998, 0.22549999999999995, 139.30024999999978, 2, 0.5, 0]
[0.13074999999999998, 0.22499999999999995, 139.30024999999978, 2, 0.5, 0]
[0.13074999999999998, 0.22529999999999994, 139.30024999999978, 2, 0.5, 0]
[0.13074999999999998, 0.22534999999999994, 139.30174999999977, 2, 0.5, 0]
[0.13074999999999998, 0.22534999999999994, 139.30324999999976, 2, 0.5, 0]
[0.13074999999999998, 0.22534999999999994, 139.30474999999976, 2, 0.5, 0]
[0.13074999999999998, 0.22534999999999994, 139.30304999999976, 2, 0.5, 0]
[0.13054999999999997, 0.22534999999999994, 139.30304999999976, 2, 0.5, 0]
[0.13104999999999997, 0.22534999999999994, 139.30304999999976, 2, 0.5, 0]
[0.13124999999999998, 0.22534999999999994, 139.30304999999976, 2, 0.5, 0]
[0.13094999999999998, 0.22534999999999994, 139.30304999999976, 2, 0.5, 0]
[0.13094999999999998, 0.22514999999999993, 139.30304999999976, 2, 0.5, 0]
[0.13094999999999998, 0.22564999999999993, 139.30304999999976, 2, 0.5, 0]
[0.13094999999999998, 0.22584999999999994, 139.30304999999976, 2, 0.5, 0]
[0.13094999999999998, 0.22554999999999994, 139.30304999999976, 2, 0.5, 0]
[0.13094999999999998, 0.22554999999999994, 139.30454999999975, 2, 0.5, 0]
[0.13094999999999998, 0.22554999999999994, 139.30364999999975, 2, 0.5, 0]
[0.13094999999999998, 0.22554999999999994, 139.30328999999975, 2, 0.5, 0]
[0.13094999999999998, 0.22554999999999994, 139.30304999999976, 2, 0.5, 0]
[0.13115, 0.22554999999999994, 139.30304999999976, 2, 0.5, 0]
[0.13135, 0.22554999999999994, 139.30304999999976, 2, 0.5, 0]
[0.13104999999999997, 0.22554999999999994, 139.30304999999976, 2, 0.5, 0]
[0.13104999999999997, 0.22574999999999995, 139.30304999999976, 2, 0.5, 0]
[0.13104999999999997, 0.22524999999999995, 139.30304999999976, 2, 0.5, 0]
[0.13104999999999997, 0.22504999999999994, 139.30304999999976, 2, 0.5, 0]
