-24.380375
-24.0865
-24.096935000000002
-24.10737
-24.07379
-24.06469
-23.897305000000003
-23.84559
-23.782670000000003
-23.71975
-23.60558
-23.562165
-23.51875
-23.44483
-23.42026
-23.459105
-23.49795
-23.59951
-23.677979999999998
-23.75645
-23.832095000000002
-23.90774
-24.08303
-23.420704999999998
-23.41768
-23.4196
-23.21686
-22.98425
-22.87048
-22.75671
-22.636095
-22.51548
-22.26909
-22.163945
-22.0588
-21.989105000000002
-21.91941
-21.90526
-21.967934999999997
-22.03061
-22.16382
-22.29703
-23.098
-21.95082
-21.28496
-20.66496
-20.35007
-20.405929999999998
-20.51073
-20.50014
-20.500365
-20.50059
-20.46717
-20.44052
-20.41387
-20.33369
-20.310995
-20.2883
-20.27107
-20.27107
-20.28573
-20.331525
-20.37732
-20.60497
-20.828445
-20.9441
-20.25983
-20.250284999999998
-20.24074
-20.25226
-20.266930000000002
-20.2816
-20.33334
-20.38508
-20.58451
-20.705395000000003
-20.82628
-21.15582
-21.11115
-21.06648
-21.01763
-20.951505
-20.88538
-20.803485000000002
-20.72159
-20.50913
-20.392429999999997
-20.27573
-20.06901
-20.00204
-19.93507
-19.939075
-19.94308
-20.320655000000002
-20.94483
-19.92561
-19.52338
-19.25101
-18.84486
-18.44691
-18.718629999999997
-18.574800000000003
-18.64664
-18.68927
-18.68927
-18.69011
-18.692545000000003
-18.69498
-18.59586
-18.467689999999997
-18.33952
-18.19614
-18.138105
-18.08007
-18.023645000000002
-17.96722
-17.81664
-17.72166
-17.54569
-17.59618
-18.00235
-18.34834
-17.48322
-17.50038
-17.50336
-17.497239999999998
-17.49112
-17.45464
-17.43111
-17.40758
-17.389335000000003
-17.44731
-17.49829
-17.54927
-17.64368
-17.73809
-18.04047
-18.32992
-18.26566
-18.22871
-18.1976
-18.16649
-18.11614
-18.06579
-17.728155
-17.65585
-17.51795
-17.51795
-17.42799
-17.40583
-17.38367
-17.47839
-17.639255
-17.80012
-18.141244999999998
-17.47709
-16.69684
-16.02154
-15.355285
-15.061454999999999
-15.76796
-15.19267
-15.25226
-15.26501
-15.264054999999999
-15.2631
-15.254010000000001
-15.141680000000001
-15.03844
-14.8521
-14.31587
-14.31878
-14.31878
-14.56171
-14.855094999999999
-14.35941
-14.4143
-14.419145
-14.42399
-14.47934
-14.569130000000001
-14.65892
-14.9995
-15.418610000000001
-15.33187
-15.14399
-15.06822
-14.99245
-14.85741
-14.72237
-14.43125
-14.27233
-14.11341
-13.99125
-13.86909
-13.68675
-13.6517
-13.61665
-13.823935
-14.45884
-14.89455
-13.666875000000001
-12.844635
-11.490725000000001
-11.41928
-11.45228
-11.53781
-11.58251
-11.603005
-11.6235
-11.61117
-11.576455
-11.389485
-11.26659
-11.29595
-11.43749
-11.57903
-12.12385
-11.41162
-11.31916
-11.30875
-11.29834
-11.29154
-11.256335
-11.298425
-11.37572
-11.68815
-11.976215
-11.21513
-10.08945
-8.793032
-8.958939
-8.759898
-8.8450035
-8.877044
-8.876875
-8.892834
-8.908793
-8.837379
-9.048873
-8.969573
-8.902069
-8.902069
-8.857142
-8.837244
-8.817346
-8.779861
-8.779861
-8.882465
-9.018867
-9.155269
-8.928393
-8.871922
-8.870235000000001
-8.868548
-8.850183
-8.798311
-8.746439
-8.7109405
-8.675442
-8.823894
-9.0348245
-8.864501
-7.847847
-8.119791
-7.737365
-7.777136
-7.909855
-7.9486785
-7.987502
-8.713527
-8.858969
-8.580919
-8.419677
-8.327353500000001
-8.23503
-8.0870185
-7.939007
-7.684496
-7.607183
-7.52987
-7.5970435
-7.664217
-11.63795
-7.7659
-7.658958
-7.660969
-7.66298
-7.6725355
-7.682091
-7.855051
-8.089768
-7.657581
-6.4725
-5.556086
-5.956751
-5.717385
-5.728692000000001
-5.73675
-5.717979
-5.6958269999999995
-5.673675
-5.292745
-5.297351
-5.301957
-5.967906
-6.7084410000000005
-5.224771
-5.207804
-5.210663500000001
-5.213523
-5.219108
-5.279649
-5.34019
-5.677939
-6.7727465
-6.466808
-6.242153
-6.0622855
-5.882418
-5.198895
-5.15162
-5.15162
-5.627689
-6.2598675
-5.398561
-4.5565755
-3.756317
-4.7109605000000006
-3.697923
-3.610327
-3.4318735
-3.424004
-3.518614
-3.387791
-3.717459
-3.186008
-3.137964
-3.238329
-3.161785
-3.237701
-3.137727
-3.135702
-3.130377
-3.193563
-3.124714
-3.135044
-3.1686195
-3.137454
-3.1748915
-3.1899255
-3.176644
-3.072616
-2.935985
-2.804423
-2.710594
-2.592514
-2.507794
-2.345206
-2.3037245
-2.195598
-2.2675935000000003
-2.1933025
-2.5630290000000002
-2.070561
-1.889249
-1.771815
-1.687791
-1.6500439999999998
-1.6349045
-1.649489
-1.706012
-1.626069
-1.661101
-1.675232
-1.7478
-1.645994
-1.559145
-1.491611
-1.4114
-1.333441
-1.2497325
-1.197343
-1.117865
-1.04588
-1.0098975000000001
-0.9804358
-0.9214974
-0.888964
-0.8457329
-0.868336
-0.8101539
-0.7687696
-0.6918189
-0.68699155
-0.68812245
-0.81424745
-0.67466315
-0.7900692
-0.6319549
-0.6485241
-0.64252025
-0.590979
-0.5689383
-0.5493419
-0.5237231
-0.5047003
-0.4838313
-0.46387924999999997
-0.44685684999999997
-0.42565050000000004
-0.4008267
-0.3916875
-0.3736199
-0.3631474
-0.3534202
-0.3423323
-0.3193546
-0.32378155
-0.3248263
-0.32411334999999997
-0.36355985
-0.3185407
-0.3114878
-0.33218205
-0.3014572
-0.2927251
-0.2675905
-0.2567235
-0.2469536
-0.23810665
-0.231722
-0.22519345000000002
-0.2218089
-0.2002728
-0.19959280000000001
-0.2770523
-0.1991841
-0.2270509
-0.2381432
-0.1964862
-0.20876915000000001
-0.20761954999999999
-0.2038382
-0.2580765
-0.2612607
-0.3212096
-0.2130887
-0.2414793
-0.3128965
