-45.41021
-45.42395
-45.40966
-45.47631
-45.67441
-45.842245000000005
-46.01008
-46.28515
-46.56022
-47.47699
-48.083600000000004
-50.799350000000004
-51.02952
-50.92323
-50.75704
-50.588405
-50.41977
-49.91131
-49.91131
-49.04977
-48.563770000000005
-48.07777
-48.07777
-46.55004
-45.4516
-45.4791
-45.77592
-46.07274
-47.09441
-47.61426
-48.13411
-48.65318
-49.17225
-49.711045
-45.53423
-45.5843
-45.568615
-45.027315
-44.5017
-43.34551
-43.34551
-43.20745
-43.516194999999996
-43.82494
-43.15621
-41.651655000000005
-40.1471
-40.1471
-40.1471
-36.21253
-34.86728
-33.52203
-32.248605
-28.354215000000003
-23.51217
-22.75792
-22.00367
-20.71053
-20.029925
-19.34932
-18.09649
-18.09649
-17.403475
-16.71046
-16.362920000000003
-16.01538
-15.57767
-15.46074
-15.34381
-15.72397
-16.19084
-15.214414999999999
-14.30095
-13.25498
-12.23588
-11.75243
-11.69532
-11.64837
-11.66023
-11.67267
-11.6838
-11.69493
-11.73528
-11.785805
-11.83633
-12.26075
-12.81056
-12.73309
-12.65562
-12.48555
-12.346745
-12.20794
-12.049975
-11.89201
-11.61585
-11.5326
-11.44935
-11.48678
-11.667860000000001
-11.84894
-11.47332
-11.46118
-11.45787
-11.489745
-11.52162
-11.679925
-11.83823
-12.60961
-12.451365
-12.29312
-12.08887
-11.948509999999999
-11.427595
-10.857885
-10.66873
-10.38879
-10.38879
-10.33276
-10.505155
-10.67755
-11.12893
-10.521315000000001
-9.222278
-8.141988
-8.597695
-8.304675
-8.20628
-8.205869
-8.190594
-8.084631
-8.084631
-7.869211
-7.892733
-7.916255
-8.33958
-8.33958
-9.274281
-8.0881715
-7.892217
-7.890387
-8.008666999999999
-8.123282
-7.903478
-6.815582
-6.4966985
-7.26651
-6.391399
-6.4242495
-6.4571
-6.457479
-6.442764
-6.428049
-6.240835
-6.240835
-5.708412
-5.713019
-7.053602
-7.769582
-5.745838
-5.723322
-5.700806
-5.69698
-5.69698
-5.700603
-5.8155795
-5.930556
-7.006861
-7.655089
-7.445031
-7.01395
-6.7262975
-6.438645
-6.1425125000000005
-5.84638
-5.431563
-5.4311419999999995
-5.430721
-5.7889669999999995
-6.147213
-5.914696
-5.1315265
-4.509645
-8.4674105
-4.476769
-4.471704
-3.979304
-3.891869
-3.7935195
-3.9517555
-3.755966
-4.280075
-3.450017
-3.280098
-3.235939
-3.313735
-3.239525
-3.1295244999999996
-2.922438
-3.031772
-2.917285
-2.954145
-3.212699
-3.029132
-2.991507
-3.182693
-2.987119
-2.818027
-2.71984
-2.687597
-2.772652
-3.035944
-2.637856
-2.671799
-2.656813
-2.884284
-2.6537344999999997
-2.8038065000000003
-2.615067
-2.6477
-2.562248
-2.663383
-2.5581885
-2.584132
-2.782867
-2.557904
-2.743127
-2.591827
-2.802198
-2.577712
-2.462638
-2.28757
-2.246405
-2.044598
-2.11544
-2.2594209999999997
-2.03308
-2.243235
-2.032505
-2.289759
-2.0067820000000003
-2.16815
-2.001911
-1.939343
-1.793421
-1.83658
-1.8633765
-1.8642379999999998
-2.229786
-1.836696
-2.024361
-1.889047
-2.1411205
-1.856365
-1.750797
-1.63984
-1.518964
-1.4252539999999998
-1.338097
-1.244356
-1.166441
-1.107971
-1.056022
-0.9963028999999999
-0.96008445
-0.94143075
-0.9176482
-0.9182977
-0.8659925
-0.8057771
-0.749506
-0.7324199
-0.7176153
-0.7673356
-0.7368397
-0.8305407
-0.6221383
-0.6052474
-0.6151746
-0.6103438999999999
-0.5814045
-0.5560796
-0.53449455
-0.5132301
-0.4969555
-0.4754646
-0.458122
-0.440535
-0.4251429
-0.4112064
-0.4015009
-0.383186
-0.36845905
-0.35444640000000005
-0.3475788
-0.3428965
-0.3303576
-0.3235776
-0.3749593
-0.3188198
-0.3514458
-0.3380646
-0.4240345
-0.3309172
-0.3269664
-0.3415405
-0.3309172
-0.3921393
-0.3551641
-0.4369007
-0.3444314
-0.4267898
-0.33833325000000003
-0.35893955
