-41.870445000000004
-40.7082
-39.454425
-38.226225
-37.10561
-36.0306
-34.9681
-34.01094
-33.176005
-32.44072
-31.81149
-31.298645
-30.94081
-30.72994
-30.64749
-30.7081
-30.889905
-31.223255
-31.659465
-32.22207
-32.90572
-33.786785
-34.79108
-36.006575
-37.337505
-38.79111
-40.51764
-42.18476
-43.91148
-45.95221
-48.197835
-50.813145
-53.704224999999994
-55.81503
-56.186705
-55.14313
-54.11891
-53.57093
-53.6539
-54.33253
-55.520325
-40.430735
-39.532725
-38.27673
-36.96661
-35.716449999999995
-34.50207
-33.37408
-32.33049
-31.38656
-30.54841
-29.8239
-29.18301
-28.77989
-28.488
-28.340305
-28.33656
-28.47083
-28.75596
-29.1536
-29.69021
-30.35473
-31.1452
-32.09897
-33.25515
-34.50388
-35.980940000000004
-37.615255000000005
-39.36761
-41.33161
-43.39446
-45.68591
-48.151335
-51.107794999999996
-54.23854
-56.51484
-56.54511
-55.36278
-54.41088
-54.07433
-54.31644
-55.21452
-39.27674
-38.37125
-36.91302
-35.523965000000004
-34.14495
-32.82516
-31.57867
-30.44652
-29.40549
-28.446505000000002
-27.670569999999998
-27.01365
-26.51347
-26.145760000000003
-25.93605
-25.90565
-26.016755
-26.28942
-26.710405
-27.23782
-27.96071
-28.809955000000002
-29.76864
-30.937939999999998
-32.22805
-33.70989
-35.37385999999999
-37.18369
-39.19783
-41.35659
-43.79898
-46.37384
-49.66746
-53.23623499999999
-56.8242
-58.01446
-56.80137499999999
-55.490375
-54.86975
-54.96123
-55.726960000000005
-38.15287
-37.22184
-35.62477
-34.11088
-32.604749999999996
-31.17399
-29.82107
-28.565235
-27.41777
-26.37681
-25.476280000000003
-24.72924
-24.14085
-23.715635
-23.45852
-23.379735
-23.47885
-23.746445
-24.1968
-24.8018
-25.519165
-26.424945
-27.491889999999998
-28.68731
-30.07944
-31.57316
-33.282025000000004
-35.0898
-37.155035
-39.32535
-41.84203
-44.59422
-47.83525
-51.84751
-56.2003
-59.45137
-59.01801
-57.42456
-56.51462
-56.33353
-56.85777
-36.794845
-35.73401
-34.103494999999995
-32.45763
-30.84743
-29.296529999999997
-27.82063
-26.44176
-25.158
-24.0393
-23.04693
-22.20508
-21.53653
-21.07778
-20.77408
-20.658515
-20.74561
-21.02722
-21.47981
-22.11585
-22.96588
-23.959355
-25.133355
-26.39754
-27.87856
-29.49995
-31.18788
-33.04485
-35.17232
-37.44875
-39.97926
-42.72017
-45.94924
-49.559315
-54.21247
-58.65267
-60.63984
-59.65805
-58.5513
-58.19193
-58.33162
-35.46576
-34.39053
-32.55905
-30.78286
-29.048229999999997
-27.35571
-25.773020000000002
-24.31915
-22.89134
-21.64761
-20.58784
-19.70245
-19.03056
-18.49832
-18.19286
-18.07657
-18.15901
-18.44356
-18.94901
-19.615305
-20.50842
-21.578539999999997
-22.86252
-24.23915
-25.792505
-27.53185
-29.36172
-31.36727
-33.50352
-35.810294999999996
-38.35574
-41.16888
-44.314769999999996
-47.82808
-52.229825000000005
-56.738299999999995
-60.33371
-60.938935
-60.25315
-59.81814
-59.589150000000004
-34.12112
-32.93718
-31.02071
-29.106095
-27.22375
-25.397755
-23.79731
-22.19163
-20.73038
-19.39941
-18.28886
-17.35519
-16.62417
-16.095125
-15.75918
-15.65496
-15.751125
-16.04692
-16.58663
-17.28821
-18.21468
-19.34126
-20.66203
-22.19602
-23.90479
-25.705005
-27.696
-29.76495
-32.00224
-34.42765
-36.94123
-39.75892
-42.80307
-46.320285
-50.34658
-54.83854
-58.865674999999996
-60.994315
-61.23779
-61.13315
-60.56509
-32.66795
-31.42488
-29.33045
-27.30365
-25.37828
-23.456
-21.68895
-20.01274
-18.53443
-17.18113
-16.052880000000002
-15.15198
-14.428655
-13.91383
-13.60947
-13.50195
-13.60557
-13.929884999999999
-14.472715
-15.29937
-16.20006
-17.358565
-18.73091
-20.30948
-22.05612
-23.998895
-26.06628
-28.23306
-30.58357
-32.994325
-35.58323
-38.318285
-41.48868
-44.95595
-48.727235
-53.17567
-57.512190000000004
-60.41751
-61.534585
-61.72287
-60.98686
-31.398915000000002
-29.98926
-27.78687
-25.66967
-23.62716
-21.68304
-19.82924
-18.09843
-16.55371
-15.25905
-14.09354
-13.1488
-12.41461
-11.89052
-11.584275000000002
-11.47781
-11.59947
-11.925635
-12.45444
-13.211594999999999
-14.17352
-15.34241
-16.738554999999998
-18.35003
-20.16141
-22.18826
-24.29891
-26.571735
-29.0672
-31.46629
-34.06828
-36.8849
-39.94232
-43.36164
-47.18146
-51.57496
-56.193084999999996
-59.672215
-61.23906
-61.912440000000004
-61.46898
-30.05867
-28.61407
-26.31754
-24.068735
-21.89026
-19.857190000000003
-17.96352
-16.22567
-14.62717
-13.229415
-12.113635
-11.1902
-10.46687
-9.938874
-9.600736999999999
-9.490296
-9.583714
-9.90956
-10.42953
-11.19586
-12.148064999999999
-13.33565
-14.742985000000001
-16.38343
-18.198104999999998
-20.24829
-22.484845
-24.89158
-27.31858
-29.92539
-32.62373
-35.45147
-38.57121
-42.00899
-45.87482
-50.55387
-55.35117
-59.06723
-60.7275
-61.793375
-61.97586
-28.57648
-27.04612
-24.60693
-22.30148
-20.08365
-18.01117
-16.0288
-14.27688
-12.71201
-11.332605000000001
-10.1601
-9.28807
-8.517207500000001
-8.051548
-7.722878
-7.656285
-7.751082
-8.0867405
-8.606889
-9.369175
-10.38186
-11.57895
-12.968705
-14.63758
-16.485525
-18.572135
-20.861725
-23.28734
-25.83022
-28.526085000000002
-31.295755
-34.200465
-37.27962
-40.75374
-44.768254999999996
-49.36471
-54.56683
-58.410645
-59.89735
-61.16636
-62.21558
-27.22104
-25.66193
-23.111355
-20.68297
-18.408414999999998
-16.342295
-14.404755
-12.67632
-11.09139
-9.7527615
-8.598991999999999
-7.681759
-6.984469499999999
-6.467009
-6.214781
-6.130586
-6.2700575
-6.616923
-7.142569
-7.9332355
-8.929497
-10.1129
-11.57433
-13.20838
-15.135405
-17.20256
-19.52397
-22.00271
-24.59802
-27.374105
-30.16088
-33.055435
-36.22586
-39.608785
-43.56324
-48.09259
-53.17266
-56.73871
-58.11026
-59.61228
-61.76015
-26.129445
-24.4273
-21.84411
-19.39724
-17.0583
-14.87733
-12.960065
-11.22132
-9.668579
-8.2836475
-7.154826
-6.2654185
-5.566863
-5.0849195
-4.808752
-4.731383
-4.875308
-5.235209
-5.799373
-6.550015
-7.5453715
-8.767841
-10.17708
-11.815349999999999
-13.74436
-15.86316
-18.194450000000003
-20.69909
-23.41054
-26.21138
-29.07244
-31.92726
-35.045665
-38.45022
-42.25827
-46.45503
-51.29484
-54.644305
-56.05124
-57.62918
-60.26613
-24.88181
-23.19354
-20.482495
-18.04671
-15.70917
-13.6005
-11.609324999999998
-9.939779
-8.381685999999998
-7.0413425
-5.924928
-5.03896
-4.349263
-3.879307
-3.6174885
-3.568086
-3.724968
-4.087577
-4.654991
-5.433343000000001
-6.418881
-7.641901
-9.0809255
-10.74294
-12.686495
-14.79025
-17.13859
-19.66138
-22.36691
-25.229045
-28.12415
-31.015015
-34.05422
-37.29918
-40.880095
-44.96421
-49.19518
-52.43526
-54.02039
-55.70324
-58.403425
-23.958375
-22.25513
-19.573725
-17.04194
-14.737175
-12.6387
-10.65318
-8.921884
-7.401034
-6.065452
-4.956197
-4.081613
-3.4155939999999996
-2.954518
-2.695533
-2.657845
-2.812153
-3.190736
-3.779908
-4.55084
-5.5557655
-6.757069
-8.194935000000001
-9.880718
-11.71211
-13.83971
-16.18987
-18.76011
-21.51601
-24.38574
-27.223675
-30.09965
-33.11628
-36.25021
-39.72005
-43.62373
-47.56202
-50.71731
-52.49945
-54.10971
-56.48908
-23.34539
-21.63639
-18.858215
-16.304
-13.97482
-11.81598
-9.881007499999999
-8.180585
-6.633160999999999
-5.340514
-4.257247
-3.370707
-2.7059065
-2.253071
-2.007368
-1.97957
-2.150888
-2.512608
-3.0888530000000003
-3.882183
-4.905693
-6.1188275
-7.55521
-9.247981
-11.1288
-13.255145
-15.65956
-18.23365
-21.07651
-23.87388
-26.78134
-29.65394
-32.596435
-35.637085
-38.97161
-42.60812
-46.3634
-49.28848
-51.31541
-53.013400000000004
-55.326905
-22.58362
-20.80729
-18.09936
-15.56062
-13.29598
-11.13655
-9.23329
-7.565884
-6.024039
-4.7142409999999995
-3.686515
-2.833703
-2.196047
-1.777248
-1.561256
-1.5517625000000002
-1.758075
-2.1647745
-2.776412
-3.587478
-4.6113815
-5.879892
-7.5094635
-9.116481
-11.00323
-13.17575
-15.51867
-18.07963
-20.88486
-23.74221
-26.61851
-29.506245
-32.45422
-35.474954999999994
-38.60929
-42.12483
-45.55632
-48.38078
-50.53307
-52.20396
-54.35975
-22.01952
-20.28856
-17.55397
-15.09791
-12.795985
-10.6692
-8.802822
-7.100051
-5.6490405
-4.387846
-3.33946
-2.511516
-1.892784
-1.483273
-1.283317
-1.288084
-1.491717
-1.9079885
-2.5253855
-3.352349
-4.417204
-5.631947
-7.1204415
-8.803473
-10.770579999999999
-12.86013
-15.219085
-17.75875
-20.5405
-23.38487
-26.25049
-29.08029
-32.01947
-34.96289
-38.13684
-41.49128
-44.96843
-47.90541
-50.07115
-51.817305000000005
-53.87172
-21.84272
-20.09435
-17.436104999999998
-14.905529999999999
-12.69793
-10.6242
-8.724758
-7.066116
-5.5905235
-4.311695
-3.286589
-2.4695355
-1.8449
-1.4476635
-1.252772
-1.262316
-1.4726715000000001
-1.892728
-2.5138435
-3.344429
-4.386873
-5.645298
-7.109003
-8.810762
-10.719835
-12.87039
-15.28965
-17.79482
-20.58322
-23.350414999999998
-26.24865
-29.04532
-31.94337
-34.85515
-38.03408
-41.35153
-44.73581
-47.605109999999996
-49.716325
-51.68188
-53.61456
-21.85794
-20.10447
-17.50054
-15.04738
-12.757635
-10.74295
-8.868621
-7.218955
-5.759235
-4.495710000000001
-3.45546
-2.642312
-2.0364455
-1.640556
-1.441549
-1.4586834999999998
-1.66998
-2.0873735
-2.707008
-3.539434
-4.586674
-5.843037
-7.3573889999999995
-9.042297
-10.963425
-13.09552
-15.418185000000001
-17.97051
-20.688875
-23.54468
-26.337085000000002
-29.19458
-31.84997
-34.8571
-37.931219999999996
-41.37917
-44.64768
-47.514825
-49.60548
-51.5786
-53.363775000000004
-22.21955
-20.31479
-17.7302
-15.3483
-13.13332
-11.1251
-9.227306
-7.591359
-6.159143
-4.868206499999999
-3.876902
-3.080162
-2.484644
-2.093339
-1.915823
-1.9401145
-2.165178
-2.599216
-3.2426225
-4.090688
-5.127022
-6.413456999999999
-7.892253
-9.605729
-11.55369
-13.71669
-16.071085
-18.58937
-21.24464
-23.98316
-26.813675
-29.54926
-32.36447
-35.226124999999996
-38.324600000000004
-41.682215
-44.95397
-47.63782
-49.714725
-51.65385
-53.35701
-22.29859
-20.50558
-18.03762
-15.661005
-13.52418
-11.50413
-9.631557
-8.068408999999999
-6.6253495000000004
-5.412454
-4.440843
-3.666598
-3.091392
-2.730788
-2.584161
-2.6319885000000003
-2.895716
-3.353393
-4.0203524999999996
-4.89207
-5.953133
-7.254479
-8.770202000000001
-10.549914999999999
-12.51577
-14.707139999999999
-17.04012
-19.53074
-22.128185000000002
-24.82623
-27.53542
-30.27914
-33.05278
-35.92319
-39.04211
-42.23444
-45.34952
-47.89541
-50.03983
-51.72944
-53.32482
-22.95477
-21.035245
-18.64258
-16.35374
-14.20405
-12.278960000000001
-10.46154
-8.882514
-7.4409220000000005
-6.256181
-5.263852
-4.490838
-3.921513
-3.575158
-3.4194
-3.456243
-3.74853
-4.152013
-4.853584
-5.732575
-6.809973
-8.113361
-9.648788
-11.36734
-13.324635
-15.47945
-17.7807
-20.19505
-22.833759999999998
-25.50353
-28.08863
-30.72646
-33.43921
-36.320764999999994
-39.45707
-42.42906
-45.308045
-47.75836
-49.59538
-51.4552
-52.95682
-23.677149999999997
-22.04883
-19.68542
-17.36424
-15.26861
-13.31271
-11.54753
-9.955474
-8.585846499999999
-7.391238
-6.434363
-5.651992
-5.082041
-4.7227695
-4.562329500000001
-4.611649
-4.86547
-5.320013
-5.997988
-6.8715955
-7.953848
-9.236835
-10.78441
-12.50837
-14.477525
-16.57819
-18.87774
-21.30227
-23.75244
-26.310760000000002
-28.87382
-31.48567
-34.16367
-37.02609
-39.92155
-42.8964
-45.59857
-47.77072
-49.57692
-51.30145
-52.77811
-24.76527
-22.97943
-20.73859
-18.56746
-16.539859999999997
-14.61639
-12.90513
-11.37538
-9.965978
-8.803446
-7.83353
-7.078771
-6.528427
-6.1736535
-6.027447
-6.0776185
-6.330307
-6.8022705
-7.473166
-8.372698
-9.471698499999999
-10.75882
-12.287595
-14.0051
-15.892025
-18.02193
-20.23871
-22.552405
-24.96119
-27.436999999999998
-29.857
-32.371044999999995
-35.03548
-37.813185000000004
-40.65781
-43.44446
-45.88287
-47.86805
-49.64457
-51.22417
-52.52434
-25.897655
-24.21612
-22.020605
-19.95442
-18.01114
-16.201005000000002
-14.477525
-13.01213
-11.6409
-10.45773
-9.4840045
-8.769822
-8.216146
-7.872044
-7.730769
-7.788294499999999
-8.063437
-8.538407
-9.232157
-10.12161
-11.21554
-12.52164
-14.071235
-15.7583
-17.62947
-19.69221
-21.80828
-24.030555
-26.3748
-28.77376
-31.125275000000002
-33.62231
-36.266400000000004
-38.96514
-41.65427
-44.2013
-46.418345
-48.19953
-49.633790000000005
-51.16728
-52.448875
-26.68725
-25.170775
-23.04273
-21.0533
-19.11033
-17.336565
-15.69214
-14.185945
-12.86165
-11.74303
-10.83832
-10.110815
-9.575003
-9.242113
-9.113813
-9.206367
-9.476731000000001
-9.959139
-10.66334
-11.53605
-12.63915
-13.945260000000001
-15.46872
-17.17624
-19.00111
-21.02109
-23.0886
-25.323255000000003
-27.52072
-29.83823
-32.25163
-34.72465
-37.364675000000005
-39.98333
-42.642445
-44.99765
-46.9276
-48.51329
-50.06227
-51.33577
-52.548335
-28.33646
-26.941995
-24.98647
-23.090915000000003
-21.347
-19.639020000000002
-18.040165000000002
-16.61606
-15.35322
-14.24393
-13.316365000000001
-12.61601
-12.063369999999999
-11.76313
-11.63245
-11.69194
-11.96292
-12.44332
-13.12812
-14.00179
-15.09054
-16.37503
-17.814745000000002
-19.43024
-21.21727
-23.091135
-25.11133
-27.14422
-29.333305
-31.57441
-34.02015
-36.51257
-39.10447
-41.67887
-44.05726
-46.147605
-47.85007
-49.179235
-50.5739
-51.75075
-52.9043
-29.48632
-28.225805
-26.32189
-24.5606
-22.87578
-21.22383
-19.769154999999998
-18.33332
-17.09793
-16.092765
-15.19451
-14.457885000000001
-13.985305
-13.65666
-13.5463
-13.60764
-13.895995
-14.359375
-15.03821
-15.88891
-16.940215000000002
-18.15717
-19.55198
-21.200454999999998
-22.92083
-24.70551
-26.670830000000002
-28.666510000000002
-30.80272
-33.09999
-35.49202
-38.023925
-40.68364
-43.14317
-45.39131
-47.24316
-48.71328
-50.10077
-51.221965
-52.33436
-53.52758
-31.424785
-30.11466
-28.396215
-26.74962
-25.212229999999998
-23.66414
-22.30043
-21.00199
-19.832755
-18.81062
-17.95793
-17.292505
-16.77442
-16.48312
-16.36585
-16.426795
-16.68386
-17.135154999999997
-17.80321
-18.59546
-19.60341
-20.80053
-22.17032
-23.650515
-25.24587
-26.9793
-28.8253
-30.80484
-32.979
-35.28746
-37.72429
-40.33136
-42.86147
-45.18777
-47.17477
-48.738965
-50.16992
-51.24069
-52.29753
-53.42077
-54.73751
-32.68238
-31.50534
-29.87624
-28.27266
-26.81887
-25.3966
-24.0849
-22.81593
-21.6962
-20.72896
-19.94196
-19.29445
-18.80304
-18.507514999999998
-18.39317
-18.477745
-18.73108
-19.17824
-19.79217
-20.60602
-21.57421
-22.71103
-23.99326
-25.44473
-27.00831
-28.66544
-30.55782
-32.511105
-34.70298
-37.10325
-39.61217
-42.16249
-44.64865
-46.845299999999995
-48.5406
-50.0829
-51.168859999999995
-52.18396
-53.249494999999996
-54.50036
-55.99349
-34.827425000000005
-33.61579
-32.1372
-30.69375
-29.27816
-27.92987
-26.70197
-25.54537
-24.50114
-23.59175
-22.80612
-22.17577
-21.737385
-21.44568
-21.332205000000002
-21.39253
-21.62846
-22.047635
-22.64707
-23.40312
-24.320664999999998
-25.3916
-26.63664
-27.96194
-29.509705
-31.33205
-33.06139
-35.08036
-37.331075
-39.76586
-42.36529
-44.8297
-47.06883
-48.88542
-50.50885
-51.60484
-52.56936
-53.59511
-54.802735
-56.31067
-58.142835
-35.98711
-34.89255
-33.471554999999995
-32.10228
-30.794645
-29.50482
-28.30065
-27.20418
-26.1918
-25.30766
-24.58398
-23.998755
-23.57833
-23.30571
-23.214775
-23.30467
-23.581285
-23.99426
-24.58103
-25.32595
-26.2376
-27.30301
-28.48331
-29.85184
-31.41142
-33.13291
-35.04996
-37.15197
-39.48719
-41.98603
-44.465689999999995
-46.81604
-48.78994
-50.483035
-51.67776
-52.65455
-53.664590000000004
-54.79848
-56.2676
-58.0446
-60.02073
-38.12645
-37.02655
-35.70271
-34.38519
-33.12183
-31.94627
-30.84244
-29.800105000000002
-28.85474
-28.05
-27.34712
-26.80881
-26.418875
-26.1639
-26.06819
-26.15512
-26.36559
-26.758155000000002
-27.30984
-28.02881
-28.880205
-29.95416
-31.129055
-32.49162
-34.041075
-35.75454
-37.735825
-39.875085
-42.21758
-44.634965
-46.88111
-48.83351
-50.618295
-51.82412
-52.80931
-53.789590000000004
-54.93113
-56.33665
-58.03923
-59.83624
-60.919295000000005
-39.19839
-38.15981
-36.70254
-35.3782
-34.38802
-33.30322
-32.21154
-31.167205
-30.33963
-29.53163
-28.92983
-28.425955000000002
-28.04101
-27.87287
-27.822515
-27.910525
-28.14799
-28.562195000000003
-29.1224
-29.87108
-30.75489
-31.81356
-33.045895
-34.39352
-35.95507
-37.79635
-39.8173
-41.94767
-44.201260000000005
-46.42953
-48.42089
-50.25552
-51.53407
-52.55725
-53.48388
-54.56592
-55.84892
-57.45085
-59.13634
-60.342995
-59.9912
-41.815889999999996
-40.88284
-39.81821
-38.70632
-37.66323
-36.574389999999994
-35.56392
-34.59406
-33.72944
-32.968965
-32.37737
-31.88197
-31.50984
-31.29063
-31.214525
-31.28836
-31.52621
-31.93083
-32.45902
-33.16105
-34.08194
-35.13784
-36.3699
-37.85635
-39.45285
-41.30048
-43.198814999999996
-45.18015
-47.18357
-48.97446
-50.574455
-51.69446
-52.603565
-53.49411
-54.52414
-55.74573
-57.21441
-58.64725
-59.40492
-58.71523
-56.969565
-43.25061
-42.38756
-41.31659
-40.50093
-39.52605
-38.49977
-37.526089999999996
-36.542465
-35.737335
-34.97605
-34.3559
-33.81572
-33.44357
-33.28823
-33.22152
-33.318929999999995
-33.56427
-33.98518
-34.57338
-35.320485000000005
-36.24352
-37.368415
-38.69272
-40.134969999999996
-41.76424
-43.53806
-45.38449
-47.22316
-48.90474
-50.50108
-51.61075
-52.48503
-53.28356
-54.17699
-55.309305
-56.6631
-58.09977
-58.990045
-58.682
-57.21297
-55.27222
-46.19363
-45.530365
-44.87613
-44.15598
-43.364475
-42.49164
-41.58825
-40.72243
-39.90158
-39.18625
-38.49249
-38.025059999999996
-37.61784
-37.36731
-37.27133
-37.31644
-37.55909
-37.954800000000006
-38.58043
-39.35078
-40.32779
-41.44343
-42.771595000000005
-44.186170000000004
-45.68854
-47.22565
-48.787385
-50.394755
-51.57765
-52.50018
-53.25981
-53.948015
-54.76035
-55.78754
-57.075604999999996
-58.37876
-59.035575
-58.44401
-56.84156
-54.905135
-52.99652
-47.8117
-47.306115000000005
-46.87872
-46.21346
-45.646235000000004
-44.87743
-43.95143
-43.256510000000006
-42.48865
-41.723465000000004
-41.09961
-40.59012
-40.175979999999996
-39.9705
-39.863385
-39.95377
-40.239725
-40.67877
-41.25089
-42.01896
-42.96371
-44.08884
-45.36415
-46.697334999999995
-48.10826
-49.46479
-51.007014999999996
-52.17712
-53.123850000000004
-53.89429
-54.55801
-55.27178
-56.19247
-57.360794999999996
-58.588660000000004
-59.33132
-58.895515
-57.37102
-55.44794
-53.51822
-51.70113
-51.139314999999996
-50.740579999999994
-50.56085
-50.3625
-50.085115
-49.6343
-49.03882
-48.338575
-47.60267
-46.74901
-46.055045
-45.44264
-44.98631
-44.657579999999996
-44.50486
-44.53571
-44.7757
-45.176745
-45.76069
-46.56788
-47.492490000000004
-48.55706
-49.83029
-50.959875
-52.11134
-53.176105
-54.1589
-55.02612
-55.7496
-56.43767
-57.14544
-58.000434999999996
-58.99423
-59.80276
-59.83524
-58.766835
-56.98606
-55.07189
-53.226015000000004
-51.50677
-49.91801
-52.71567
-52.42449
-52.35783
-52.27883
-52.18613
-51.94228
-51.62415
-51.0405
-50.43366
-49.81971
-49.215379999999996
-48.55707
-48.05551
-47.596810000000005
-47.436395000000005
-47.52539
-47.67094
-48.11855
-48.74517
-49.66796
-50.583375000000004
-51.58976
-52.560905000000005
-53.47287
-54.357124999999996
-55.19305
-56.1296
-56.91137
-57.458344999999994
-58.11897
-58.83168
-59.494655
-59.91133
-59.45977
-58.14309
-56.242554999999996
-54.79489
-53.1927
-51.60815
-50.1073
-48.6908
