-44.83269
-43.438815
-43.42426
-43.433
-43.423559999999995
-43.41412
-43.35737
-43.386085
-43.4148
-43.485085
-43.55537
-43.91411
-44.26366
-44.61321
-45.24511
-48.244635
-43.41874
-43.43214
-43.43061
-43.42908
-43.410825
-43.39257
-43.01858
-42.98977
-42.96096
-43.308415
-43.65587
-39.621545
-38.33951
-37.382525
-36.42554
-34.11064
-32.7425
-31.37436
-30.42971
-29.48506
-29.48506
-27.624795
-25.76453
-23.57279
-22.816585
-22.06038
-21.425759999999997
-19.52421
-16.72618
-16.397365
-15.86681
-15.66507
-15.45427
-15.40757
-15.40757
-15.60877
-15.92384
-16.23891
-15.42761
-14.4156
-13.80168
-12.9499
-12.46072
-13.98204
-12.561364999999999
-12.68469
-12.704615
-12.71686
-12.68439
-12.6813
-12.67821
-12.9401
-13.31069
-13.27971
-13.24873
-13.158
-13.067145
-12.73931
-12.691559999999999
-12.70045
-12.840685
-12.98092
-13.65103
-12.92229
-12.828085000000002
-12.81249
-12.8018
-12.8018
-12.81661
-13.125240000000002
-15.26126
-14.834209999999999
-14.48448
-14.29521
-14.13093
-13.96665
-13.44416
-13.44416
-12.79428
-12.09293
-12.09293
-11.40133
-11.096025000000001
-10.324705
-10.525065
-11.349955
-10.390715
-9.53965
-9.671195
-9.6455375
-9.580990499999999
-9.569016
-9.585605
-9.629025500000001
-9.672446
-9.890884
-10.195242
-10.81086
-10.59844
-10.47439
-10.0838
-9.70405
-9.70405
-9.412946
-9.357972499999999
-9.302999
-9.521265
-9.8678725
-10.21448
-9.5468355
-9.499262
-9.494831
-9.489321
-9.483811
-9.370714
-9.303387
-9.23606
-9.226553500000001
-9.217047
-9.389589
-9.638588
-9.38735
-7.939384
-6.866868
-7.095904
-7.046422
-6.923758
-6.9219805
-6.920203
-6.900963
-6.8375035
-6.774044
-6.634786
-6.740596
-6.846406
-6.762324
-6.711329
-6.717623
-6.982775
-7.3762989999999995
-8.156817499999999
-7.900706
-7.641351
-7.480186
-7.319021
-7.128851
-6.938681
-6.629168
-6.5891035
-6.895997
-7.3934255
-6.588345
-5.506649
-4.543198
-6.1683755
-4.592972
-4.496692
-4.3072610000000005
-4.296569
-4.373555
-4.296669
-4.34611
-4.5276365
-4.322325
-4.31195
-4.329492
-4.375659
-4.454565
-4.39655
-4.396389
-4.432002499999999
-4.5031605
-4.370565
-4.461788
-4.318284
-4.3074385
-4.298416
-4.300574
-4.323282
-4.3536125000000006
-4.4043
-4.3398675
-4.127831
-3.920412
-3.740567
-3.590765
-3.4544985
-3.3568715
-3.287597
-3.304823
-3.22509
-3.138773
-3.119498
-2.9664525
-2.961026
-2.8888350000000003
-2.8715219999999997
-2.884006
-2.903023
-2.990159
-2.91611
-3.009716
-2.827321
-2.808841
-2.809051
-2.832175
-2.867632
-2.8208615000000004
-2.667691
-2.510519
-2.377119
-2.2417875
-2.134379
-2.0289585
-1.9445804999999998
-1.868385
-1.8351264999999999
-1.813441
-1.820245
-1.6499755
-1.577351
-1.465274
-1.420279
-1.375103
-1.306153
-1.312754
-1.3017414999999999
-1.359479
-1.303727
-1.3375085
-1.3003650000000002
-1.256153
-1.197716
-1.154365
-1.103758
-1.050907
-1.0236235
-0.9865492
-0.9446203
-0.9194028
-0.9227221000000001
-0.8190196000000001
-0.7790834
-0.7505865
-0.74857745
-0.7788963499999999
-0.759784
-0.78323885
-0.7651601
-0.82908
-0.76896185
-0.7415203
-0.7149691
-0.6909321
-0.6739804
-0.6438351
-0.629603
-0.6177338
-0.5977149500000001
-0.5825119
-0.5595523
-0.5410346
-0.5358183
-0.5217238
-0.5015032
-0.5030808
-0.45232235
-0.4592518
-0.5567507
-0.4718799
-0.5268165
-0.4457176
-0.49102355
-0.4444861
-0.4904413
-0.4456911
-0.45238735
-0.5095876
-0.427658
-0.446162
-0.4264981
-0.4647195
-0.4542631
-0.5320499
