-62.28181
-63.4369
-62.0476
-57.97138
-55.14563
-54.222055
-56.471515
-57.82819
-51.015705
-46.40966
-43.92021
-42.546915
-41.96566
-42.30204
-43.47379
-45.14055
-47.2304
-48.90132
-49.197055
-48.66143
-47.59935
-46.78129
-46.88612
-47.69985
-48.476955000000004
-47.8015
-46.32076
-45.29358
-45.0655
-45.83091
-47.71732
-50.96623
-53.819655
-54.19469
-54.39211
-55.544610000000006
-57.49497
-59.088665
-60.97706
-62.48886
-62.40519
-63.38432
-61.63586
-57.30816
-54.54546
-54.62087
-58.21336
-55.72725
-48.60753
-44.50836
-42.5849
-42.022085000000004
-42.64098
-44.58485
-48.41463
-55.690245000000004
-53.79245
-47.87004
-45.3775
-44.69392
-45.24511
-46.48077
-47.093725
-46.384335
-45.52359
-45.58572
-46.85603
-48.708605
-49.51062
-48.42908
-47.01048
-46.76156
-48.19189
-51.52092
-55.34205
-57.05059
-57.9197
-59.03098
-60.263095
-61.38525
-62.41756
-62.14448
-61.68098
-57.42955
-54.84155
-55.074895
-59.50661
-53.90285
-47.093505
-43.61008
-42.1909
-42.585645
-45.0067
-51.66538
-53.951105
-45.03322
-40.99007
-38.69308
-37.25198
-36.403175000000005
-36.01579
-36.108325
-36.72544
-37.77948
-39.17023
-40.56166
-41.70938
-42.5909
-43.68669
-45.452439999999996
-48.06385
-50.42558
-49.63845499999999
-48.99136
-50.45324
-53.60801
-55.31615
-55.41933
-56.667725000000004
-58.93664
-61.63861
-63.155425
-62.6425
-57.25601
-54.796400000000006
-55.05626
-59.52127
-53.82705
-46.722555
-43.44439
-42.41693
-43.86677
-49.43667
-54.17675
-43.59813
-38.90078
-36.3138
-34.85589
-34.11649
-33.82673
-33.74419
-33.72906
-33.73018
-33.84884
-34.200175
-34.85527
-35.815524999999994
-37.09697
-38.66377
-40.31369
-42.01713
-44.07634
-46.61094
-48.62716
-48.619
-49.176779999999994
-52.39207
-57.310874999999996
-57.00556
-55.24822
-55.60847
-57.4697
-60.404855
-62.44227
-54.92728
-54.81279
-59.21392
-54.328305
-46.612629999999996
-43.162355000000005
-42.5628
-44.96665
-55.43957
-46.18394
-39.2452
-35.90661
-34.24149
-33.570235
-33.5076
-33.8083
-34.22075
-34.57318
-34.78236
-34.818799999999996
-34.68329
-34.479690000000005
-34.3498
-34.43667
-34.81705
-35.56064
-36.779709999999994
-38.39561
-40.52203
-43.48748
-46.904799999999994
-48.04458
-47.168195
-47.84663
-50.97445
-57.247875
-60.99626
-56.873595
-55.76234
-56.81439
-59.56491
-54.78064
-58.21317
-55.49038
-47.21067
-43.417785
-42.69738
-45.961835
-58.660855
-43.16407
-37.3369
-34.59004
-33.50949
-33.59629
-34.40637
-35.42528
-35.93894
-35.68046
-35.045945
-34.50361
-34.25998
-34.351389999999995
-34.68496
-35.03623
-35.17973
-35.13488
-35.090450000000004
-35.294250000000005
-35.91915
-37.10332
-39.14672
-42.65654
-47.56164
-49.40407
-47.6012
-47.63054
-50.04708
-55.95007
-62.558215000000004
-57.0461
-55.879215
-57.570515
-57.677885
-57.69151
-48.23761
-43.73309
-42.708465000000004
-45.64225
-58.94531
-42.47296
-36.6649
-34.12022
-33.4257
-34.144400000000005
-35.57245
-35.88469
-34.176455000000004
-32.14264
-30.64756
-29.72458
-29.29133
-29.274015
-29.60413
-30.29019
-31.318095
-32.65647
-34.10751
-35.26242
-35.82233
-35.89235
-36.01745
-36.73078
-38.48641
-41.82512
-47.30643
-51.46163
-48.57682
-47.917469999999994
-50.532894999999996
-58.03579
-60.233345
-56.00818
-56.15789
-59.75436
-50.33159
-44.46708
-42.71017
-44.95057
-58.43946
-42.57093
-36.53172
-34.00263
-33.64397
-34.85538
-36.05058
-34.1548
-31.00518
-28.68222
-27.18012
-26.27756
-25.80067
-25.6221
-25.69743
-26.019154999999998
-26.62184
-27.4823
-28.64575
-30.150325000000002
-31.98129
-33.95992
-35.759505000000004
-36.64419
-36.776089999999996
-37.118790000000004
-38.544965000000005
-41.87753
-48.15428
-52.19338
-47.872344999999996
-47.81593
-52.29056
-62.3445
-57.42161
-55.3945
-52.61485
-45.86948
-42.90786
-43.94407
-53.912475
-44.1983
-36.93353
-34.09406
-33.7172
-35.09119
-35.46365
-32.22092
-28.89778
-26.66708
-25.288615
-24.46567
-23.97727
-23.68743
-23.54167
-23.563425000000002
-23.76547
-24.19035
-24.86849
-25.83453
-27.079365
-28.59323
-30.39636
-32.54245
-35.05175
-36.99849
-37.42761
-37.46447
-38.93481
-43.02014
-52.191425
-49.694720000000004
-46.28077
-47.99707
-55.11417
-60.58865
-55.456315000000004
-47.891205
-43.91216
-43.28062
-48.681610000000006
-48.551199999999994
-38.260225
-34.48213
-33.7041
-34.97487
-35.06564
-31.37972
-27.94627
-25.691345
-24.30503
-23.44936
-22.873675
-22.42178
-22.074585
-21.851570000000002
-21.79179
-21.914555
-22.25616
-22.83216
-23.67354
-24.82479
-26.214125
-27.79173
-29.59007
-31.91266
-34.97841
-37.56472
-37.64102
-37.60078
-39.80403
-46.19286
-55.8557
-46.45152
-45.82104
-49.65498
-59.394760000000005
-57.30948
-45.64367
-43.42992
-45.45437
-59.705285
-41.01248
-35.40747
-33.69338
-34.43472
-34.84153
-31.27702
-27.62631
-25.2479
-23.77914
-22.75719
-21.91081
-21.09444
-20.369419999999998
-19.82523
-19.518735
-19.47195
-19.67251
-20.09274
-20.728095000000003
-21.59108
-22.75394
-24.20706
-25.81455
-27.436770000000003
-29.27221
-31.89312
-35.66775
-38.14029
-37.439395
-37.81695
-41.603815
-53.95141
-48.8761
-44.91249
-46.69858
-53.88812
-59.72499
-44.59035
-43.932545000000005
-50.416304999999994
-46.7408
-37.51002
-34.16954
-33.885925
-34.63664
-31.94265
-28.04159
-25.34328
-23.613935
-22.30339
-21.07794
-19.893875
-18.807245
-17.93954
-17.342015
-17.02863
-17.03281
-17.320439999999998
-17.85486
-18.601295
-19.5551
-20.78251
-22.31055
-24.10876
-25.879725
-27.54129
-29.54974
-32.81525
-37.181485
-38.13522
-37.1652
-39.0106
-45.91751
-55.007935
-45.10677
-44.93072
-49.50639
-58.46186
-44.23801
-45.55125
-60.21946
-41.52272
-35.633875
-33.77195
-34.169635
-33.08924
-29.23321
-26.03361
-23.93112
-22.2834
-20.74173
-19.21245
-17.83422
-16.69405
-15.846265
-15.282135
-15.01719
-15.047295
-15.36812
-15.96918
-16.78388
-17.79655
-19.02775
-20.575985
-22.464045
-24.51946
-26.36323
-28.05846
-30.543775
-34.73726
-38.59495
-37.41201
-37.63366
-42.01536
-58.61868
-46.49352
-44.122895
-46.905705
-54.75087
-44.60656
-48.08756
-50.5849
-38.80924
-34.65992
-33.81456
-33.87717
-30.92669
-27.23749
-24.63104
-22.700215
-20.890700000000002
-19.08702
-17.433660000000003
-16.05716
-14.98375
-14.18942
-13.670960000000001
-13.42647
-13.467089999999999
-13.78922
-14.39378
-15.25379
-16.31071
-17.554615
-19.039915
-20.90855
-23.131905
-25.32404
-27.052475
-29.01803
-32.48269
-37.607825000000005
-38.02486
-37.05601
-39.79393
-49.84791
-48.84183
-43.854330000000004
-45.341015
-51.873185
-45.28102
-52.03305
-45.119775000000004
-37.08688
-34.19403
-33.95332
-32.975325
-29.24619
-25.94842
-23.63491
-21.60352
-19.572065
-17.64766
-16.01174
-14.71668
-13.71172
-12.97961
-12.505215
-12.285625
-12.32975
-12.64777
-13.25253
-14.12588
-15.22044
-16.48628
-17.9725
-19.78109
-22.04399
-24.4915
-26.44158
-28.19417
-31.11674
-36.236525
-38.51007
-36.96958
-38.649155
-46.04667
-51.45967
-43.898845
-44.38021
-49.67352
-46.432805
-55.98502
-42.24428
-36.05789
-34.00504
-33.95274
-31.927149999999997
-28.03309
-25.02944
-22.766485
-20.609785000000002
-18.47645
-16.56554
-14.99474
-13.753495000000001
-12.79973
-12.103325
-11.64209
-11.42171
-11.4516
-11.753219999999999
-12.34496
-13.20702
-14.307269999999999
-15.59972
-17.08355
-18.85647
-21.09005
-23.66945
-25.85583
-27.51576
-30.006475000000002
-34.77404
-38.75569
-37.10728
-37.9516
-43.84225
-54.43218
-44.27467
-43.81023
-48.243570000000005
-47.54018
-54.65369
-40.62899
-35.45373
-33.94825
-33.82901
-31.06202
-27.213250000000002
-24.38798
-22.10461
-19.82972
-17.64288
-15.76887
-14.251854999999999
-13.057335
-12.14218
-11.462975
-11.00593
-10.778189999999999
-10.80204
-11.10406
-11.696145
-12.56739
-13.688805
-14.99206
-16.48773
-18.25656
-20.5044
-23.14083
-25.447074999999998
-27.08872
-29.360095
-33.86225
-38.664195
-37.1518
-37.55662
-42.72133
-55.12239
-44.61486
-43.61842
-47.578015
-48.12379
-52.67067
-39.75235
-35.10107
-33.94066
-33.684844999999996
-30.52444
-26.75309
-24.02248
-21.705509999999997
-19.36203
-17.15681
-15.30607
-13.80914
-12.64098
-11.73092
-11.05522
-10.588505
-10.34542
-10.36003
-10.659849999999999
-11.25817
-12.1516
-13.2726
-14.583885
-16.08302
-17.8661
-20.14941
-22.835765000000002
-25.18159
-26.79612
-28.99126
-33.41454
-38.57661
-37.14103
-37.2479
-41.919534999999996
-54.76835
-44.91647
-43.59183
-47.27168
-48.34012
-51.96014
-39.46298
-34.99342
-33.97039
-33.68098
-30.35801
-26.583045
-23.86281
-21.52307
-19.17285
-16.953665
-15.09755
-13.6148
-12.452655
-11.53953
-10.85606
-10.38478
-10.13744
-10.15213
-10.45732
-11.07084
-11.97854
-13.128595
-14.45381
-15.960014999999999
-17.7784
-20.11677
-22.85231
-25.13309
-26.65419
-28.88656
-33.44505
-38.654785000000004
-37.01102
-37.16442
-41.88866
-54.79557
-45.01003
-43.72019
-47.482780000000005
-48.096025
-52.36215
-39.65916
-35.07166
-34.01254
-33.777995000000004
-30.42126
-26.608620000000002
-23.88029
-21.569135
-19.24151
-17.03406
-15.174295
-13.67131
-12.49829
-11.57447
-10.88197
-10.40762
-10.171515
-10.19714
-10.51308
-11.135285
-12.04969
-13.21452
-14.55043
-16.068085
-17.92508
-20.333515
-23.1002
-25.23865
-26.69368
-29.09104
-34.10328
-38.832155
-36.768024999999994
-37.16391
-42.24703
-54.39572
-44.87654
-43.94307
-47.86889
-47.45679
-53.83207
-40.39423
-35.35953
-34.05766
-33.9607
-30.901625
-26.99773
-24.18087
-21.92171
-19.64111
-17.441185
-15.53482
-14.002095
-12.79551
-11.86183
-11.165935000000001
-10.701065
-10.48298
-10.522780000000001
-10.845044999999999
-11.46126
-12.37426
-13.53443
-14.88144
-16.41414
-18.336345
-20.837505
-23.578654999999998
-25.49342
-26.9394
-29.65415
-35.100925000000004
-38.862300000000005
-36.45534
-37.29565
-42.91263
-53.61568
-44.76346
-44.32046
-48.478775
-47.00623
-54.58429
-41.61079
-35.97327
-34.19185
-34.101775
-31.67525
-27.71659
-24.73778
-22.46625
-20.27252
-18.10476
-16.16269
-14.58454
-13.347584999999999
-12.401295000000001
-11.70677
-11.25483
-11.05606
-11.11335
-11.4443
-12.06891
-12.97513
-14.14091
-15.48881
-17.0871
-19.11857
-21.70728
-24.2685
-25.863129999999998
-27.41519
-30.672735
-36.8717
-38.35333
-36.151395
-37.74952
-44.47306
-52.13375
-44.623685
-44.87009
-49.4383
-46.529435
-52.93664
-43.64875
-36.99225
-34.529085
-34.16736
-32.54816
-28.77053
-25.58558
-23.2457
-21.154
-19.044235
-17.09575
-15.467425
-14.19905
-13.22464
-12.52798
-12.0743
-11.882975
-11.95132
-12.28969
-12.91637
-13.83378
-14.998935
-16.38444
-18.06447
-20.252215
-22.805335
-24.971125
-26.311124999999997
-28.21913
-32.36627
-38.8976
-37.37283
-36.01411
-38.67306
-47.22424
-49.62163
-44.55623
-45.743790000000004
-51.076645
-46.11596
-49.91332
-46.72937
-38.69189
-35.22504
-34.27332
-33.268055
-29.98992
-26.674345000000002
-24.21406
-22.16898
-20.173155
-18.25027
-16.58286
-15.27989
-14.28343
-13.58736
-13.15238
-12.97465
-13.06323
-13.42523
-14.07248
-14.99782
-16.18585
-17.66128
-19.48555
-21.76879
-24.050205
-25.64296
-27.022235000000002
-29.747590000000002
-35.24346
-39.624
-36.290435
-36.29556
-40.41265
-51.71868
-47.14354
-44.67523
-46.98567
-53.30888
-46.31845
-47.62178
-49.72569
-41.12254
-36.414370000000005
-34.61454
-33.83566
-31.494405
-28.20443
-25.52601
-23.4622
-21.58631
-19.76742
-18.11463
-16.76104
-15.728069999999999
-15.00346
-14.561835
-14.38503
-14.47677
-14.84993
-15.503925
-16.448500000000003
-17.69728
-19.26355
-21.20563
-23.325
-25.06484
-26.3483
-28.24239
-32.18297
-38.95141
-38.06409
-35.68882
-37.15136
-42.967169999999996
-53.29058
-45.78545
-45.06331
-48.41806
-56.13357
-47.33378
-46.71233
-49.27084
-44.49047
-38.30722
-35.38191
-34.285145
-32.96263
-30.13778
-27.282925
-25.035105
-23.19146
-21.50099
-19.92918
-18.602325
-17.5576
-16.82244
-16.37586
-16.19429
-16.29415
-16.67143
-17.33512
-18.3108
-19.6138
-21.25381
-23.062695
-24.71488
-25.9943
-27.54993
-30.473215
-36.15701
-40.26605
-36.38051
-35.83205
-38.90406
-47.18988
-49.90879
-45.11794
-45.98003
-50.80933
-59.87693
-49.502
-46.72925
-47.49594
-48.07172
-41.25651
-36.92878
-34.981989999999996
-33.97354
-32.02287
-29.29122
-26.86408
-24.91259
-23.28198
-21.830975000000002
-20.57588
-19.57859
-18.873404999999998
-18.45457
-18.30953
-18.422964999999998
-18.80373
-19.482915
-20.47362
-21.78191
-23.26168
-24.6744
-25.88434
-27.282674999999998
-29.65701
-34.18268
-40.39852
-37.78495
-35.65229
-36.945715
-42.02918
-53.4655
-46.93673
-45.158519999999996
-47.60992
-54.27007
-62.94265
-53.15134
-48.03167
-46.51133
-48.36896
-45.12497
-39.52117
-36.39373
-34.95088
-33.673469999999995
-31.52608
-29.05564
-26.94271
-25.24906
-23.87591
-22.72717
-21.80021
-21.14954
-20.780245
-20.68632
-20.85223
-21.26085
-21.91978
-22.83298
-23.93528
-25.06076
-26.15397
-27.50086
-29.71096
-33.6665
-39.628
-38.71917
-35.90915
-36.18078
-39.626795
-48.130595
-50.695570000000004
-45.60007
-46.14908
-50.71361
-60.03516
-62.2035
-59.6631
-51.33812
-47.532135
-47.42822
-47.76968
-42.660695000000004
-38.3513
-36.14183
-35.02786
-33.69888
-31.58511
-29.371305
-27.49245
-26.02388
-24.894280000000002
-24.01503
-23.40321
-23.07567
-23.004315
-23.1766
-23.56596
-24.16188
-24.92297
-25.793284999999997
-26.7907
-28.14853
-30.385244999999998
-34.22853
-39.65713
-39.038
-36.163585
-35.93634
-38.49026
-44.945
-54.6075
-46.8121
-45.759775000000005
-48.47954
-55.78218
-62.92274
-60.41697
-60.628
-56.68734
-50.01834
-47.74613
-48.639615
-46.72557
-41.366330000000005
-37.93036
-36.183335
-35.287454999999994
-34.186
-32.45359
-30.525785
-28.81326
-27.482895
-26.50141
-25.820735
-25.4237
-25.286839999999998
-25.39758
-25.728740000000002
-26.26361
-26.99298
-27.96019
-29.36951
-31.63062
-35.40944
-40.12275
-39.013965
-36.39591
-36.04662
-38.0891
-43.380155
-55.92769
-48.61155
-45.90936
-47.55724
-53.38466
-63.09703
-60.27717
-60.427279999999996
-57.15666
-60.759964999999994
-53.51365
-48.3939
-47.16147
-48.63357
-46.783500000000004
-41.79785
-38.550250000000005
-36.78151
-35.79515
-34.95244
-33.770365
-32.34724
-30.95845
-29.79327
-28.888685
-28.299205
-28.01948
-28.07283
-28.43879
-29.11249
-30.124065
-31.63161
-33.86468
-37.297345
-40.29943
-38.63593
-36.586255
-36.39575
-38.27239
-42.975899999999996
-54.436635
-50.39346
-46.25823
-46.98902
-51.603
-61.924825
-59.65075
-59.297545
-61.70298
-55.20536
-58.54779
-60.61137
-51.675245000000004
-47.546475
-46.6026
-47.81277
-47.30135
-43.47063
-40.35001
-38.304895
-37.033285
-36.103105
-35.37246
-34.734825
-34.05708
-33.31668
-32.635545
-32.2115
-32.18782
-32.65992
-33.65717
-35.26512
-37.396585
-39.50013
-39.65593
-38.02043
-36.8432
-37.08949
-39.15638
-43.90216
-55.022175000000004
-51.24142
-46.712955
-46.91127
-50.51077
-59.18025
-60.82926
-57.7753
-60.3056
-62.942445
-54.63541
-54.9696
-57.753605
-59.49699
-52.4369
-48.76133
-47.50395
-47.48241
-46.39823
-44.33371
-42.23858
-40.527885
-39.03001
-37.86905
-37.19136
-36.969985
-37.06749
-37.27799
-37.45367
-37.692935
-38.09187
-38.68292
-39.202095
-39.15493
-38.463215000000005
-37.66491
-37.46587
-38.3544
-40.80695
-45.854945
-58.36215
-51.33196
-47.12033
-47.17049
-50.34874
-57.59777
-62.35155
-58.539945
-59.64511
-62.48251
-63.652245
-57.30354
-55.52869
-54.67155
-55.57665
-56.365719999999996
-53.50145
-51.24536
-49.78676
-48.20427
-46.02191
-44.2071
-43.11824
-42.266589999999994
-41.308575000000005
-40.18083
-39.24528
-38.70104
-38.62061
-38.8735
-39.16964
-39.284985
-39.12622
-38.75558
-38.400220000000004
-38.36966
-38.94534
-40.5686
-43.883210000000005
-50.789105
-60.20828
-50.14297
-47.445645
-47.87068
-51.043530000000004
-58.260549999999995
-62.076205
-57.88024
-58.79119
-62.397710000000004
-63.1741
-62.70067
-61.01055
-59.12375
-57.39085
-56.63643
-55.49846
-52.51114
-50.64797
-50.04748
-50.658280000000005
-50.46935
-48.148894999999996
-45.69312
-44.26133
-43.5029
-43.02851
-42.35274
-41.474289999999996
-40.66722
-40.06175
-39.724435
-39.63912
-39.877615
-40.41611
-41.28056
-42.768555
-45.432424999999995
-50.79127
-61.082485000000005
-52.18806
-48.18792
-47.105940000000004
-48.27409
-52.11129
-59.53454
-61.40599
-57.26563
-57.47216
-60.810715
-63.44542
-62.244775000000004
-61.19814
-60.03675
-58.214275
-56.14605
-55.784565
-55.750645000000006
-53.96404
-50.74112
-48.22904
-47.02269
-47.25536
-48.52562
-49.97199
-49.764745
-48.18164
-46.56627
-45.56306
-45.02112
-44.77798
-44.62245
-44.50177
-44.654669999999996
-45.40745
-47.05732
-50.236329999999995
-55.79695
-57.17324
-51.28938
-48.225345000000004
-47.069505
-47.4798
-49.2351
-53.33795
-61.222895
-60.66342
-57.32239
-57.64905
-60.39743
-63.174904999999995
-63.01805
-61.641774999999996
-60.83395
-58.93971
-56.89547
-54.58867
-52.747119999999995
-51.63184
-51.535795
-51.73125
-50.428695
-48.187445
-46.28282
-45.34798
-45.38396
-46.39448
-48.369855
-50.94477
-51.62076
-50.49255
-49.73929
-50.09542
-51.37781
-53.07966
-54.24472
-54.015085
-52.21237
-49.93646
-47.950419999999994
-46.85124
-47.14861
-48.75192
-52.02962
-57.07006
-63.29503
-59.36639
-56.88242
-57.50951
-60.56294
-63.396654999999996
-62.682855
-62.36149
-62.081
-62.00788
-57.66415
-56.37501
-54.806105
-52.75603
-50.44012
-48.92182
-48.40874
-48.618700000000004
-49.115995
-48.9011
-47.44428
-45.69646
-44.651174999999995
-44.51612
-45.37877
-47.14984
-49.31253
-50.85708
-50.33003
-48.900904999999995
-47.67619
-46.94174
-46.94106
-47.36981
-47.848575
-48.3731
-49.38976
-51.73906
-55.89742
-62.2138
-61.155
-57.421589999999995
-56.43303
-57.40353
-60.11322
-63.11533
-62.79048
-61.72599
-62.06193
-62.661199999999994
-62.95009
-55.6109
-53.98376
-52.56103
-51.62390499999999
-50.36967
-48.85575
-47.467755
-46.47975
-46.140015000000005
-46.507675
-47.47894
-48.13933
-47.48401
-46.16972
-45.302825
-45.243570000000005
-45.923564999999996
-47.2291
-48.603355
-49.03698
-48.38136
-47.678110000000004
-47.83949
-48.9857
-51.24023
-54.10205
-57.98622
-62.21084
-62.00149
-58.43987
-56.38433
-56.19925
-57.73333
-60.412255
-62.971695
-63.24654
-61.99787
-61.44928
-61.79259
-62.80202
-63.27625
-55.19764
-53.594764999999995
-51.710674999999995
-50.19674
-49.09985
-48.38499
-47.793755000000004
-47.0208
-46.312870000000004
-45.68491
-45.5377
-46.10538
-47.31842
-48.49745
-48.63851
-48.04176
-47.59763
-47.7914
-48.98808
-51.08235
-53.10959
-53.99161
-54.54273
-56.06238
-59.40784
-62.64781
-60.171095
-57.44287
-56.253595
-56.06639
-56.79903
-58.64221
-61.287454999999994
-63.33018
-63.16024
-62.231525000000005
-62.1633
-62.4698
-62.48834
-63.09541
-63.23103
-55.48481
-53.81023
-51.67374
-49.74029
-48.24304
-47.283469999999994
-46.60807
-46.45963
-46.55308
-46.49348
-46.2981
-46.20438
-46.45583
-47.240695
-48.3741
-49.61998
-50.927665000000005
-51.92034
-53.41526
-55.761945
-59.06884
-61.42289
-60.39793
-59.3066
-58.62534
-57.714185
-56.55798
-55.854745
-56.24678
-57.88816
-60.34193
-62.633095
-63.53804
-62.75786
-62.08522
-61.940349999999995
-62.76599
-63.43566
-63.60003
-63.217209999999994
-63.10615
