-56.41457
-55.251265000000004
-53.436295
-51.68242
-50.950935
-50.25978
-49.1212
-47.816255
-46.327870000000004
-44.78804
-43.54584
-42.60548
-41.718445
-41.098715
-40.75143
-40.73554
-40.80754
-40.98859
-41.20916
-41.25639
-41.01306
-40.480975
-39.78888
-39.24192
-38.96349
-39.13947
-39.88934
-41.099059999999994
-42.74123
-44.506595000000004
-46.03421
-46.593289999999996
-46.40359
-46.19453
-46.59865
-47.30828
-48.370775
-50.142405
-52.10676
-54.39943
-57.110335
-55.61419
-53.64106
-51.71167
-50.653009999999995
-49.54609
-48.485265
-46.76577
-45.09847
-43.74324
-42.82363
-42.24257
-41.65038
-41.129655
-40.71558
-40.24121
-39.6959
-39.12091
-38.68961
-38.51639
-38.66499
-39.03583
-39.47561
-39.8419
-39.80229
-39.36008
-38.83523
-38.50818
-38.59845
-39.16782
-40.1212
-41.56807
-43.48998
-45.50949
-46.95761
-47.65878
-48.06915
-48.2512
-48.79013
-49.38241
-50.84664
-52.848650000000006
-53.51498
-51.79016
-50.68936
-49.663315
-48.49996
-46.69196
-44.75727
-43.21392
-42.12743
-41.48925
-40.98992
-40.72297
-40.53711
-40.22165
-39.68538
-38.835655
-37.87991
-36.93925
-36.19315
-35.79134
-35.630035
-35.80691
-36.38234
-37.192094999999995
-38.00811
-38.53827
-38.61878
-38.51087
-38.43563
-38.65115
-39.21078
-40.254655
-41.80371
-43.77113
-45.7438
-47.72197
-48.958915
-50.19986
-50.39515
-50.34571
-51.21416
-51.72962
-50.77211
-49.648035
-48.556
-46.90962
-45.07828
-43.463845
-42.31616
-41.505385000000004
-40.90672
-40.403549999999996
-39.85484
-39.00887
-37.95682
-36.89567
-35.98087
-35.269975
-34.646425
-34.13212
-33.679215
-33.342389999999995
-33.21643
-33.38628
-33.87992
-34.65848
-35.701350000000005
-36.792045
-37.69537
-38.34449
-38.72334
-38.92852
-39.158375
-39.778729999999996
-40.9445
-42.47304
-44.336235
-46.509645000000006
-48.64254
-51.016525
-51.68855
-51.72062
-50.77375
-49.86709
-48.63678
-46.49739
-44.79605
-43.221525
-42.15491
-41.4833
-40.97855
-40.394800000000004
-39.315455
-37.81955
-36.14595
-34.6819
-33.526875000000004
-32.747735
-32.2775
-32.04979
-31.97474
-31.96961
-31.9234
-31.86833
-31.89069
-32.04415
-32.34828
-32.84179
-33.59888
-34.69017
-36.009135
-37.4711
-38.70076
-39.45383
-39.76039
-40.19271
-41.00202
-42.20313
-43.63046
-45.353395000000006
-47.70245
-50.90445
-52.38707
-50.50553
-49.048635000000004
-46.75436
-44.80801
-43.39643
-42.062304999999995
-41.1435
-40.55176
-39.777715
-38.49774
-36.79648
-35.10185
-33.58746
-32.39763
-31.54131
-30.96467
-30.62197
-30.476335
-30.480545
-30.588495
-30.82522
-31.06669
-31.296415000000003
-31.47669
-31.61777
-31.77353
-32.02203
-32.51738
-33.41416
-34.66557
-36.21391
-37.869225
-39.347854999999996
-40.3382
-41.126635
-41.85607
-42.75395
-43.85566
-45.37074
-47.62953
-50.356894999999994
-49.26448
-47.05954
-45.114504999999994
-43.5459
-42.30027
-41.29195
-40.37219
-39.31713
-37.7145
-35.745535000000004
-33.99141
-32.6012
-31.57422
-30.95556
-30.590404999999997
-30.352515
-30.171039999999998
-29.97834
-29.771955
-29.66991
-29.71598
-29.892685
-30.19069
-30.60117
-31.047055
-31.45828
-31.69943
-31.894464999999997
-32.250460000000004
-32.92699
-33.952664999999996
-35.280649999999994
-36.91171
-38.62535
-40.249134999999995
-41.685045
-42.86068
-43.72974
-44.70853
-46.18657
-48.295024999999995
-47.78885
-45.6128
-43.78928
-42.39665
-41.33318
-40.382745
-39.27093
-37.48192
-35.30909
-33.4075
-31.934825
-30.92126
-30.392545
-30.18307
-30.08515
-29.95914
-29.7153
-29.31066
-28.85879
-28.46756
-28.20928
-28.15199
-28.3078
-28.68001
-29.28983
-30.07021
-30.88521
-31.524214999999998
-31.98357
-32.46595
-33.07817
-33.88444
-34.96553
-36.40371
-38.07193
-39.90448
-41.75062
-43.32814
-44.38832
-45.70365
-47.79112
-46.60378
-44.45155
-42.67475
-41.5355
-40.638994999999994
-39.44079
-37.57217
-35.3209
-33.27030499999999
-31.76595
-30.781155
-30.25295
-29.95357
-29.6454
-29.107149999999997
-28.41503
-27.67438
-27.04227
-26.58628
-26.27411
-26.1262
-26.1226
-26.287615000000002
-26.61911
-27.1225
-27.84169
-28.78735
-29.844575
-30.88851
-31.86981
-32.73861
-33.46994
-34.20089
-35.218125
-36.557085
-38.164535
-40.03329
-42.02062
-43.42472
-44.58445
-46.50926
-45.38573
-43.15143
-41.6636
-40.91897
-39.91397
-38.00633
-35.60217
-33.370535000000004
-31.70528
-30.66996
-30.1909
-29.90524
-29.40025
-28.45611
-27.24508
-26.041125
-25.08363
-24.41117
-24.05567
-23.883385
-23.91784
-24.08177
-24.41339
-24.82237
-25.346715000000003
-25.98518
-26.82327
-27.79679
-28.946514999999998
-30.2214
-31.52077
-32.69384
-33.61402
-34.54491
-35.77225
-37.29552
-39.00812
-40.90103
-42.42304
-43.43209
-44.751940000000005
-44.18946
-42.0798
-41.03307
-40.433305000000004
-38.86294
-36.26302
-33.79728
-31.833655
-30.61253
-30.01444
-29.6944
-29.10352
-27.9323
-26.44196
-25.01993
-23.85061
-23.029584999999997
-22.4832
-22.1934
-22.08817
-22.145055
-22.346075
-22.68554
-23.172405
-23.77627
-24.46759
-25.27008
-26.15834
-27.24645
-28.508525
-29.91708
-31.374475
-32.551015
-33.566445
-34.74402
-36.3324
-38.30451
-40.42863
-42.18645
-43.11051500000001
-43.82916
-43.061315
-41.195705000000004
-40.55812
-39.59503
-37.37027
-34.68763
-32.36404
-30.82432
-30.01886
-29.5713
-28.94141
-27.58018
-25.90689
-24.26371
-23.09423
-22.20893
-21.65016
-21.331024999999997
-21.140925000000003
-21.07379
-21.06412
-21.19714
-21.42365
-21.822400000000002
-22.38255
-23.08345
-23.90877
-24.80938
-25.88895
-27.12759
-28.62913
-30.214750000000002
-31.563924999999998
-32.58687
-33.60637
-34.93349
-36.96151
-39.51811
-41.97682
-43.420825
-43.83896
-42.19093
-40.66983
-39.96145
-38.372925
-35.77221
-33.18489
-31.254605
-30.1371
-29.57687
-28.95756
-27.66708
-25.85489
-24.03573
-22.6688
-21.716315
-21.11943
-20.76664
-20.59057
-20.46544
-20.38157
-20.34469
-20.38397
-20.51432
-20.80414
-21.2753
-21.90378
-22.66848
-23.59649
-24.595925
-25.82368
-27.3846
-29.10579
-30.86362
-32.02824
-32.86338
-33.81427
-35.42094
-37.98018
-40.87753
-43.20495
-44.121520000000004
-41.59145
-40.32698
-39.31853
-37.095955000000004
-34.37007
-32.07603
-30.53311
-29.73253
-29.145545
-27.99932
-26.21353
-24.22335
-22.641260000000003
-21.50641
-20.8216
-20.34938
-20.04262
-19.806420000000003
-19.606395
-19.44847
-19.388755
-19.42968
-19.63132
-19.90487
-20.36528
-20.98041
-21.74145
-22.6095
-23.52799
-24.62562
-26.01764
-27.87978
-29.96502
-31.665365
-32.62058
-33.29382
-34.504875
-36.71093
-39.60596
-42.42769
-43.979695
-41.1711
-39.87877
-38.40476
-35.86163
-33.25495
-31.28262
-30.021535
-29.337564999999998
-28.42957
-26.767845
-24.75507
-22.94946
-21.632775
-20.75803
-20.15372
-19.67797
-19.21144
-18.76519
-18.418485
-18.18872
-18.15056
-18.24701
-18.4956
-18.88917
-19.428595
-20.15375
-21.02427
-21.946185
-22.84309
-23.775170000000003
-24.95751
-26.60695
-28.74045
-30.92194
-32.3341
-32.9833
-33.916529999999995
-35.87423
-38.66417
-41.74488
-43.729654999999994
-40.82639
-39.37288
-37.58385
-34.92618
-32.478735
-30.78213
-29.76542
-28.99965
-27.64478
-25.63899
-23.62429
-22.042839999999998
-20.94639
-20.16708
-19.507375
-18.84558
-18.17606
-17.584130000000002
-17.166629999999998
-16.961035
-16.954795
-17.12115
-17.427245
-17.853685
-18.43853
-19.23264
-20.266080000000002
-21.37811
-22.40314
-23.29371
-24.28893
-25.70344
-27.69361
-30.028570000000002
-31.86757
-32.679495
-33.44869
-35.1344
-37.81599
-41.2457
-43.88268
-40.30077
-38.76242
-36.796045
-34.183495
-31.90829
-30.40924
-29.493405
-28.51958
-26.802135
-24.679955
-22.81027
-21.41098
-20.434
-19.63397
-18.810465
-17.947615
-17.140079999999998
-16.523465
-16.15252
-16.02394
-16.094365000000003
-16.316969999999998
-16.64926
-17.06853
-17.61904
-18.39895
-19.472430000000003
-20.76042
-21.99535
-22.98041
-23.89939
-25.1185
-26.96413
-29.32654
-31.41459
-32.35664
-32.98393
-34.4433
-36.99642
-40.58031
-43.71704
-39.90125
-38.35693
-36.22433
-33.67371
-31.54433
-30.22038
-29.31609
-28.09568
-26.12434
-24.00171
-22.260505000000002
-20.9877
-20.03218
-19.130879999999998
-18.148485
-17.14852
-16.33043
-15.76666
-15.48113
-15.4307
-15.57428
-15.85241
-16.20919
-16.60699
-17.08857
-17.791715
-18.82421
-20.174245
-21.54444
-22.66973
-23.58918
-24.71208
-26.44069
-28.82846
-31.19322
-32.34558
-32.796935000000005
-33.94903
-36.32505
-39.80711
-43.30163
-39.73723
-38.08018
-35.77332
-33.25341
-31.262945000000002
-30.01017
-29.07467
-27.68701
-25.61378
-23.53658
-21.88857
-20.6897
-19.720399999999998
-18.73261
-17.659889999999997
-16.64419
-15.861625
-15.37195
-15.15161
-15.1512
-15.32419
-15.62615
-15.99415
-16.37234
-16.80334
-17.4392
-18.42727
-19.76265
-21.23386
-22.447944999999997
-23.359745
-24.405695
-26.029314999999997
-28.380834999999998
-30.92217
-32.35436
-32.75803
-33.7446
-35.94908
-39.33712
-42.851235
-39.65515
-37.963184999999996
-35.58215
-33.0733
-31.15626
-29.92193
-28.95907
-27.45998
-25.36006
-23.28783
-21.68653
-20.4972
-19.508119999999998
-18.477
-17.38142
-16.39311
-15.67329
-15.24911
-15.06918
-15.08299
-15.25646
-15.54891
-15.90143
-16.25436
-16.6611
-17.27002
-18.24254
-19.58897
-21.10454
-22.36105
-23.25345
-24.26179
-25.82846
-28.16027
-30.770535000000002
-32.37434
-32.8364
-33.697199999999995
-35.80939
-39.17352
-42.760255
-39.53968
-37.86564
-35.49773
-33.04419
-31.153675
-29.90649
-28.88967
-27.36608
-25.2596
-23.20237
-21.60445
-20.42709
-19.42747
-18.39672
-17.32886
-16.37787
-15.69345
-15.29119
-15.1233
-15.12863
-15.28006
-15.54102
-15.861695
-16.19596
-16.59803
-17.22826
-18.24375
-19.62831
-21.14087
-22.36854
-23.25956
-24.24864
-25.81434
-28.147535
-30.716105
-32.33248
-32.83635
-33.688925
-35.75399
-39.08796
-42.8579
-39.34152
-37.7817
-35.58607
-33.19033
-31.2434
-29.96456
-28.98584
-27.52399
-25.418345
-23.35938
-21.7344
-20.50322
-19.49787
-18.5014
-17.48143
-16.54133
-15.857695
-15.431485
-15.24062
-15.22648
-15.34946
-15.57412
-15.849645
-16.1664
-16.59835
-17.29148
-18.35391
-19.75806
-21.23547
-22.3933
-23.25068
-24.27554
-25.93094
-28.2503
-30.805905
-32.39402
-32.86162
-33.71564
-35.76339
-38.954705000000004
-42.80295
-39.44038
-37.94908
-35.82349
-33.35709
-31.327405
-30.011635
-29.06497
-27.73066
-25.74208
-23.66631
-22.00032
-20.72627
-19.705165
-18.72594
-17.73927
-16.822580000000002
-16.11007
-15.65493
-15.43675
-15.409345
-15.51382
-15.7038
-15.940695000000002
-16.25468
-16.754025
-17.559440000000002
-18.722659999999998
-20.169539999999998
-21.50182
-22.50594
-23.31757
-24.453225
-26.25106
-28.65496
-31.17268
-32.55959
-33.01773
-33.94994
-35.95827
-39.14608
-43.10628
-39.66581
-38.266045000000005
-36.26392
-33.846905
-31.659435000000002
-30.138015000000003
-29.139915
-27.91138
-26.08439
-24.10015
-22.41301
-21.11545
-20.08724
-19.144154999999998
-18.18949
-17.28847
-16.5349
-16.030735
-15.766805000000002
-15.70275
-15.779165
-15.9384
-16.1723
-16.533549999999998
-17.13373
-18.06391
-19.3172
-20.71132
-21.84463
-22.66932
-23.51396
-24.81041
-26.7953
-29.31551
-31.606815
-32.65541
-33.099625
-34.19612
-36.336495
-39.59635
-43.64654
-39.855900000000005
-38.531475
-36.7869
-34.529785000000004
-32.24719
-30.55168
-29.460555
-28.25382
-26.560485
-24.63739
-22.935290000000002
-21.59634
-20.5668
-19.67295
-18.78234
-17.918509999999998
-17.15263
-16.594450000000002
-16.26791
-16.14921
-16.190655
-16.33935
-16.60553
-17.04783
-17.76032
-18.77908
-20.04002
-21.24368
-22.156565
-22.91361
-23.87847
-25.39612
-27.57467
-30.141875
-32.08632
-32.79009
-33.27499
-34.5989
-36.966335
-40.394980000000004
-44.11854
-40.07558
-38.74618
-37.17263
-35.101465000000005
-32.88389
-31.04417
-29.89036
-28.75982
-27.18862
-25.338275
-23.605505
-22.19316
-21.1063
-20.23081
-19.4203
-18.63214
-17.91953
-17.345625
-16.969610000000003
-16.790554999999998
-16.79712
-16.95273
-17.27162
-17.79979
-18.59044
-19.62252
-20.75921
-21.72411
-22.4788
-23.27081
-24.43838
-26.209425000000003
-28.59444
-31.04101
-32.46518
-32.90708
-33.56934
-35.113665
-37.72832
-41.22113
-44.657399999999996
-40.637395
-39.16018
-37.60479
-35.62644
-33.50917
-31.64244
-30.33366
-29.25887
-27.93803
-26.23394
-24.53795
-23.04001
-21.848305
-20.922395
-20.14292
-19.4388
-18.81
-18.282475
-17.93075
-17.75235
-17.767065
-17.96601
-18.34846
-18.942709999999998
-19.73282
-20.63039
-21.4947
-22.23192
-22.95957
-23.95154
-25.42703
-27.50418
-29.98317
-31.94802
-32.70766
-33.11121
-34.068615
-36.005855
-38.76958
-42.38491
-45.35779
-41.43055
-39.767565000000005
-38.40284
-36.58698
-34.40041
-32.386264999999995
-30.85177
-29.71536
-28.5726
-27.15994
-25.64617
-24.17714
-22.88556
-21.86766
-21.02391
-20.32704
-19.74186
-19.255015
-18.93627
-18.80799
-18.87328
-19.14015
-19.57217
-20.14416
-20.80663
-21.475255
-22.10023
-22.74879
-23.599719999999998
-24.86535
-26.68487
-28.98824
-31.25504
-32.51446
-32.92406
-33.54744
-34.866035
-37.01725
-40.0195
-43.66491
-45.408085
-42.0856
-40.28082
-39.03661
-37.57738
-35.55612
-33.41825
-31.62941
-30.25837
-29.05942
-27.834215
-26.574165
-25.27344
-24.04188
-22.98379
-22.13092
-21.41153
-20.81524
-20.33377
-20.02258
-19.90889
-19.99528
-20.284869999999998
-20.71026
-21.211244999999998
-21.724895
-22.240585
-22.815675
-23.567045
-24.6485
-26.20512
-28.263725
-30.54287
-32.18016
-32.79185
-33.256564999999995
-34.25831
-35.94254
-38.3153
-41.41159
-44.517125
-45.50457
-42.76936
-40.68721
-39.23835
-38.207035
-36.77305
-34.819035
-32.866569999999996
-31.2662
-29.9256
-28.65101
-27.460430000000002
-26.28743
-25.154175000000002
-24.15022
-23.31517
-22.62215
-22.04502
-21.563935
-21.23007
-21.07146
-21.098535
-21.29842
-21.62881
-22.041
-22.50922
-23.068025
-23.808335
-24.8409
-26.21098
-27.999145
-30.05196
-31.82926
-32.62755
-33.00363
-33.79388
-35.24579
-37.26364
-39.89747
-42.83039
-44.97268
-45.69167
-44.48768
-41.60149
-39.74249
-38.57221
-37.421495
-35.87276
-34.136579999999995
-32.55939
-31.079415
-29.830465
-28.62526
-27.4508
-26.304765
-25.2774
-24.41146
-23.71963
-23.17981
-22.74835
-22.43655
-22.26353
-22.22356
-22.325265
-22.548395
-22.90427
-23.41884
-24.13035
-25.113805
-26.40126
-28.03424
-29.879170000000002
-31.56021
-32.53273
-32.95127
-33.50153
-34.66631
-36.48621
-38.7481
-41.40464
-43.89753
-45.42696
-46.170895
-46.77863
-43.69724
-41.07918
-39.40605
-38.09033
-36.66493
-35.05201
-33.538380000000004
-32.22485
-31.131700000000002
-30.15227
-29.12583
-28.02964
-26.93889
-25.96256
-25.16256
-24.542324999999998
-24.10331
-23.8389
-23.72748
-23.71121
-23.82403
-24.05086
-24.45766
-25.07298
-25.96491
-27.14709
-28.608719999999998
-30.185475
-31.603015
-32.517444999999995
-33.01911
-33.57361
-34.61868
-36.25649
-38.35686
-40.64716
-42.818839999999994
-44.64536
-45.93592
-47.032025000000004
-47.480575
-45.634765
-42.83803
-40.89624
-39.54691
-38.0388
-36.323660000000004
-34.57146
-33.08558
-31.97739
-31.11671
-30.39829
-29.61856
-28.729275
-27.81143
-26.90166
-26.161775
-25.61943
-25.27935
-25.129775000000002
-25.1709
-25.37516
-25.72334
-26.26807
-27.03567
-28.00383
-29.19809
-30.475405000000002
-31.60332
-32.39716
-32.94373
-33.54369
-34.49273
-35.956990000000005
-37.84921
-39.97057
-42.067215
-43.894895000000005
-45.200145
-46.55024
-48.03551
-47.34415
-46.0857
-44.07668
-42.169055
-41.04876
-39.90153
-38.33433
-36.543705
-34.68263
-33.15981
-32.066114999999996
-31.263170000000002
-30.666800000000002
-30.16789
-29.6176
-28.97677
-28.33799
-27.767165
-27.32742
-27.08284
-27.042255
-27.24859
-27.68484
-28.30797
-29.13295
-30.10347
-31.13073
-32.01313
-32.62953
-33.11287
-33.69891
-34.59641
-35.9528
-37.721085
-39.679559999999995
-41.607200000000006
-43.20944
-44.71684
-46.22107
-47.7328
-49.05101
-48.63172
-47.063315
-44.991715
-42.84853
-41.42057
-40.543915
-39.84417
-38.93557
-37.536424999999994
-35.71457
-34.09097
-32.74965
-31.81081
-31.20882
-30.73943
-30.45375
-30.23579
-29.99754
-29.82031
-29.67706
-29.55405
-29.61363
-29.85892
-30.27336
-30.90724
-31.58284
-32.29443
-32.88258
-33.52311
-34.254835
-35.21485
-36.57826
-38.167339999999996
-39.89837
-41.60591
-43.026635
-44.15419
-45.74678
-47.61201
-49.039445
-50.472305
-50.72909
-49.427365
-47.33603
-44.59586
-42.25214
-40.83706
-39.89647
-39.26601
-38.91876
-38.23233
-36.85655
-35.365515
-34.02808
-32.88337
-32.094629999999995
-31.5557
-31.24897
-31.165655
-31.229765
-31.36471
-31.56969
-31.64862
-31.80388
-31.99422
-32.292680000000004
-32.67185
-33.16292
-33.79919
-34.628605
-35.66818
-37.03922
-38.66011
-40.33789
-41.75051
-43.11086
-44.09844
-45.264520000000005
-46.995245
-48.494585
-50.299755000000005
-51.50977
-50.58074
-50.60713
-50.14464
-48.49713
-45.6569
-43.22278
-41.3015
-39.8456
-38.87348
-38.46276
-38.28631
-37.880785
-37.14535
-36.0635
-34.96205
-34.01269
-33.28051
-32.63516
-32.37393
-32.417915
-32.69076
-33.09318
-33.53436
-33.872635
-34.24475
-34.582135
-35.11806
-35.86186
-36.787665000000004
-37.98821
-39.41426
-40.94829
-42.19876
-43.31348
-44.47525
-45.56374
-47.09565
-48.968
-50.40857
-51.84966
-52.17675
-50.703595
-49.50539
-49.367285
-49.20712
-48.67466
-46.558935000000005
-44.668459999999996
-42.59723
-40.610435
-39.28378
-38.46515
-38.13881
-37.97545
-37.827295
-37.533514999999994
-36.9064
-35.93812
-35.02515
-34.38723
-33.97582
-33.95252
-34.13692
-34.63911
-35.24024
-35.94975
-36.73017
-37.58614
-38.478629999999995
-39.46004
-40.41837
-41.417135
-42.26299
-43.12761
-44.20728
-45.50025
-46.84131
-48.719475
-50.67643
-51.78226
-52.28048
-53.35362
-53.2324
-50.27139
-48.89727499999999
-48.18496
-47.80964
-47.08472
-46.65132
-46.07772
-44.53605
-42.374655000000004
-40.55592
-39.256875
-38.53011
-38.208105
-38.19756
-38.34813
-38.47646
-38.32648
-37.782515000000004
-37.06234
-36.64855
-36.34558
-36.7566
-37.206025
-38.08073
-39.08599
-40.02399
-41.0148
-41.76796
-42.382670000000005
-42.92855
-43.52263
-44.44362
-45.56333
-46.95838
-48.50367
-50.55465
-51.87328
-52.04186
-52.87994
-55.010335
-56.90153
-54.46317
-51.07459
-49.62466
-47.944055
-46.42461
-45.37016
-45.14906
-45.60003
-45.66358
-44.71164
-42.97968
-41.28703
-40.18904
-39.50754
-39.123684999999995
-39.17968
-39.60111
-40.099864999999994
-40.458600000000004
-40.42075
-40.27123
-40.239239999999995
-40.24161
-40.63579
-41.001195
-41.422995
-41.9898
-42.66593
-43.27729
-44.0226
-44.9908
-46.20081
-47.45583
-48.69767
-50.65354
-51.7094
-51.96519
-52.909805
-54.8139
-56.73577
-57.13817
-56.08001
-55.507864999999995
-53.82568
-51.61747
-49.20447
-46.74436
-45.05656
-44.19371
-44.12394
-44.514799999999994
-45.04333
-45.02796
-43.90804
-42.64874
-41.65472
-40.91197
-40.57017
-40.567435
-40.95558
-41.58581
-42.20624
-42.59602
-42.80178
-42.810535
-42.74026
-42.88758
-43.19706
-43.75912
-44.4725
-45.489045000000004
-46.618
-48.312
-50.19691
-51.20993
-51.82098
-52.32319
-53.03374
-54.61413
-56.784405
-57.52543
