-52.726815
-51.52292
-50.336975
-49.188055
-48.339214999999996
-47.62374
-46.47983
-45.540975
-44.628965
-44.123855
-43.57244
-43.04676
-42.58373
-41.95393
-41.48476
-41.00104
-40.52798
-40.2216
-39.947689999999994
-39.83737
-39.814485
-39.91499
-40.13438
-40.46003
-40.890145
-41.256005
-41.5887
-42.004025
-42.38328
-42.61355
-43.10963
-43.56417
-44.38633
-45.10139
-46.11021
-47.24369
-48.29329
-49.41719
-51.05735
-51.87139
-52.9409
-51.55019
-50.001
-49.084599999999995
-48.53416
-47.59882
-46.325525
-45.19468
-44.25895
-43.45942
-42.77676
-42.029354999999995
-41.4013
-40.91178
-40.539835
-40.24377
-39.99016
-39.72757
-39.41743
-39.14348
-38.847840000000005
-38.63646
-38.5127
-38.51905
-38.684
-39.05327
-39.50898
-40.021915
-40.61555
-41.20817
-41.852015
-42.27793
-42.81033
-43.47661
-44.24514
-44.82354
-45.68351
-46.61559
-47.60297
-48.978285
-50.778825
-51.60815
-49.6095
-48.72029
-48.28251
-47.351865000000004
-46.23362
-45.11269
-44.29047
-43.38113
-42.59322
-41.627210000000005
-40.80928
-40.1502
-39.58442
-39.22094
-38.83855
-38.55201
-38.281765
-38.1267
-37.981655
-37.78628
-37.67227
-37.53484
-37.45
-37.453675000000004
-37.51714
-37.820435
-38.277114999999995
-38.86618
-39.563465
-40.34859
-41.19545
-41.77583
-42.49117
-43.39208
-44.08405
-44.79851
-45.88427
-46.66102
-47.74035
-48.740605
-50.14806
-48.88916
-48.147459999999995
-47.15098
-46.02985
-44.85876
-44.007445
-43.24417
-42.33941
-41.41607
-40.629865
-39.89544
-39.27607
-38.665385
-37.93345
-37.30126
-36.703
-36.31699
-36.06816
-35.959644999999995
-36.00087
-36.125555000000006
-36.22473
-36.313275000000004
-36.37668
-36.48719
-36.63508
-36.870965
-37.317045
-37.89915
-38.60785
-39.46574
-40.41918
-41.2006
-42.21214
-43.170685000000006
-44.06397
-45.049855
-46.024935
-46.979735000000005
-48.216089999999994
-48.71953
-48.317395000000005
-47.313069999999996
-46.10836
-44.79181
-43.7538
-42.80842
-41.86115
-41.00085
-40.17013
-39.53329
-38.935370000000006
-38.24063
-37.39309
-36.57463
-35.783475
-35.10898
-34.58668
-34.1774
-34.00148
-33.95936
-34.13472
-34.47294
-34.771
-35.096795
-35.37856
-35.68466
-35.984944999999996
-36.33695
-36.747055
-37.28754
-37.9958
-38.786694999999995
-39.73354
-40.64286
-41.775845000000004
-42.991834999999995
-44.09483
-45.289280000000005
-46.350094999999996
-47.44265
-48.63691
-47.518100000000004
-46.41392
-44.9959
-43.866215
-42.82508
-41.76876
-40.744240000000005
-39.65073
-38.89416
-38.11505
-37.353345000000004
-36.59059
-35.81828
-35.08488
-34.46115
-33.927890000000005
-33.40974
-32.97105
-32.66103
-32.54463
-32.600089999999994
-32.81034
-33.120400000000004
-33.51977
-33.94775
-34.45613
-34.91858
-35.43813
-35.96476
-36.45523
-36.97155
-37.64463
-38.47555
-39.38939
-40.32601
-41.52667
-42.8951
-44.06397
-45.53909
-46.64354
-47.8886
-46.47475
-45.226169999999996
-44.14902
-43.044385
-41.96216
-40.86493
-39.71786
-38.62348
-37.634835
-36.59583
-35.68803
-34.89294
-34.15887
-33.53982
-33.09203
-32.73281
-32.41514
-32.13239
-31.89795
-31.71856
-31.6436
-31.691755
-31.821925
-32.05081
-32.41734
-32.91995
-33.525745
-34.21149
-34.973955000000004
-35.70552
-36.34521
-36.97347
-37.76163
-38.56701
-39.4639
-40.3776
-41.62552
-42.65712
-44.132954999999995
-45.520444999999995
-46.88008
-45.409324999999995
-44.19979
-43.05808
-42.019615
-40.87307
-39.849845
-38.824355
-37.66312
-36.47235
-35.33867
-34.33908
-33.53037
-32.81913
-32.23421
-31.82773
-31.542665
-31.35923
-31.19434
-31.07652
-30.99239
-30.93196
-30.908540000000002
-30.942505
-31.07101
-31.27172
-31.62491
-32.143874999999994
-32.73787
-33.529415
-34.44766
-35.349125
-36.20126
-37.145129999999995
-38.083725
-38.91452
-39.79014
-40.74462
-41.87014
-43.001425
-44.34877
-45.606555
-44.62684
-43.18996
-42.01353
-40.890405
-39.75142
-38.72716
-37.63346
-36.42585
-35.23726
-34.143985
-33.2781
-32.53414
-31.83408
-31.27836
-30.83863
-30.48499
-30.21432
-30.011110000000002
-29.90252
-29.885595
-29.911925
-29.988039999999998
-30.11817
-30.288955
-30.477645
-30.725515
-31.09122
-31.58989
-32.25595
-33.07128
-34.00514
-34.960480000000004
-36.06629
-37.13614
-38.26383
-39.3263
-40.336524999999995
-41.37246
-42.3662
-43.571495
-44.76849
-43.888025
-42.41296
-41.16158
-39.93903
-38.7606
-37.64114
-36.41404
-35.12308
-33.99385
-33.07697
-32.321355
-31.71424
-31.14743
-30.61228
-30.10274
-29.595865
-29.128255
-28.755375
-28.47917
-28.34496
-28.37501
-28.50819
-28.77354
-29.12924
-29.49643
-29.88237
-30.28767
-30.76049
-31.34726
-32.07753
-32.90979
-33.80126
-34.77851
-35.93112
-37.06081
-38.410705
-39.74982
-40.977405000000005
-42.13916
-43.08716
-44.20863
-43.08587
-41.62151
-40.432469999999995
-39.21271
-38.047264999999996
-36.71282
-35.30464
-33.98645
-32.8642
-32.00899
-31.37225
-30.820165000000003
-30.312620000000003
-29.804035
-29.189865
-28.54633
-27.93621
-27.416494999999998
-27.01908
-26.775855
-26.70576
-26.827485
-27.088455
-27.493535
-27.99801
-28.59762
-29.25019
-29.90884
-30.60079
-31.351095
-32.18034
-32.99057
-33.81524
-34.8364
-35.83298
-37.12481
-38.579015
-40.075715
-41.44762
-42.80175
-43.88879
-42.21468
-40.867055
-39.73554
-38.486734999999996
-37.3189
-35.88275
-34.45238
-33.16164
-32.07439
-31.23573
-30.553155
-29.93307
-29.30354
-28.61941
-27.87908
-27.1573
-26.52257
-26.042
-25.71688
-25.52219
-25.461285
-25.538145
-25.75354
-26.09103
-26.53798
-27.14203
-27.88157
-28.69604
-29.60477
-30.52676
-31.50225
-32.44299
-33.29561
-34.143600000000006
-35.03839
-36.13616
-37.5766
-39.045395
-40.5577
-41.9451
-43.381645
-41.39811
-40.13032
-38.87946
-37.70386
-36.40003
-35.012945
-33.63679
-32.4852
-31.49129
-30.660725
-29.90718
-29.0945
-28.199514999999998
-27.25854
-26.361685
-25.60728
-25.04148
-24.70521
-24.55659
-24.531225
-24.58518
-24.70262
-24.906945
-25.17681
-25.539335
-26.02161
-26.64236
-27.40616
-28.35135
-29.4145
-30.56939
-31.7448
-32.78315
-33.69284
-34.60369
-35.55812
-36.88324
-38.32791
-39.8532
-41.30913
-42.588719999999995
-40.897149999999996
-39.448945
-38.20864
-36.85647
-35.49836
-34.102135000000004
-32.86835
-31.814839999999997
-30.888235
-30.12502
-29.30461
-28.32345
-27.206345
-26.10758
-25.13925
-24.4095
-23.93309
-23.72303
-23.699035000000002
-23.788935000000002
-23.94658
-24.12961
-24.35773
-24.62528
-24.94027
-25.33607
-25.84018
-26.45469
-27.25533
-28.28973
-29.47166
-30.76607
-32.0556
-33.13223
-34.09094
-35.114824999999996
-36.34399
-37.84078
-39.30791
-40.97136
-42.15473
-40.49733
-38.96235
-37.63977
-36.29259
-34.80536
-33.41592
-32.18578
-31.14714
-30.27333
-29.49108
-28.58197
-27.489755000000002
-26.305635000000002
-25.22056
-24.33521
-23.70581
-23.34626
-23.22067
-23.22766
-23.32805
-23.47036
-23.63952
-23.8736
-24.15405
-24.49991
-24.89801
-25.35811
-25.88606
-26.54903
-27.46531
-28.61146
-29.86948
-31.23872
-32.42006
-33.43365
-34.50607
-35.77692
-37.323985
-38.94734
-40.599955
-42.19845
-39.938435
-38.45847
-37.24426
-35.766015
-34.30003
-32.876235
-31.63511
-30.62323
-29.71147
-28.79234
-27.706585
-26.51798
-25.35905
-24.40985
-23.720785
-23.29639
-23.10856
-23.06087
-23.065885
-23.06775
-23.07731
-23.11976
-23.26606
-23.54683
-23.960160000000002
-24.44896
-24.97039
-25.50881
-26.12353
-26.960655
-28.063465
-29.30993
-30.67032
-31.90999
-32.86545
-33.867625
-35.12858
-36.61359
-38.43553
-40.24225
-41.96117
-39.40896
-37.98212
-36.766000000000005
-35.384595000000004
-33.920609999999996
-32.52037
-31.35577
-30.35947
-29.41376
-28.32386
-27.03142
-25.75916
-24.638914999999997
-23.77357
-23.24594
-22.98892
-22.92219
-22.92794
-22.89355
-22.78189
-22.65151
-22.56474
-22.63811
-22.912405
-23.365315000000002
-23.958575
-24.566940000000002
-25.14351
-25.75058
-26.55808
-27.66574
-28.92841
-30.33032
-31.61141
-32.63832
-33.54396
-34.59848
-36.008885
-37.74635
-39.76883
-41.55566
-38.974
-37.5748
-36.300235
-34.83283
-33.40614
-32.15263
-31.09696
-30.155175
-29.175195000000002
-27.95065
-26.56734
-25.2283
-24.10949
-23.29717
-22.83283
-22.62498
-22.56184
-22.488605
-22.35546
-22.17151
-21.978025
-21.869915
-21.96447
-22.29737
-22.8473
-23.554025000000003
-24.24402
-24.837004999999998
-25.410404999999997
-26.1484
-27.220335
-28.558265
-30.0473
-31.455555
-32.564655
-33.50985
-34.410219999999995
-35.65354
-37.2664
-39.213625
-41.15123
-38.844885000000005
-37.428405
-36.060919999999996
-34.560815
-33.09591
-31.86801
-30.85097
-29.91736
-28.92152
-27.688865
-26.29935
-24.98462
-23.887285
-23.09042
-22.62733
-22.36038
-22.14737
-21.90788
-21.64563
-21.38566
-21.186149999999998
-21.13786
-21.339045
-21.820645
-22.51965
-23.3451
-24.13541
-24.74802
-25.23073
-25.84105
-26.80561
-28.13664
-29.70158
-31.24126
-32.479929999999996
-33.500595000000004
-34.40501
-35.52701
-37.147305
-39.03592
-40.95697
-38.76003
-37.44986
-36.01053
-34.46606
-33.024305
-31.744475
-30.67228
-29.69224
-28.65438
-27.43589
-26.08738
-24.81621
-23.76839
-23.03295
-22.567095
-22.222344999999997
-21.87671
-21.49248
-21.10056
-20.75122
-20.53444
-20.54479
-20.855645
-21.46481
-22.316625000000002
-23.27337
-24.176655
-24.820774999999998
-25.254795
-25.77917
-26.644165
-27.913294999999998
-29.47065
-31.05551
-32.35725
-33.40406
-34.37301
-35.51974
-37.091409999999996
-39.0207
-40.96055
-38.659315
-37.32437
-35.938565
-34.49585
-33.09884
-31.76076
-30.64186
-29.5884
-28.49353
-27.24371
-25.90133
-24.662705
-23.68963
-22.99887
-22.53944
-22.1641
-21.7598
-21.307119999999998
-20.85485
-20.46297
-20.24911
-20.30444
-20.672815
-21.34569
-22.25045
-23.26686
-24.21559
-24.89281
-25.34745
-25.868145
-26.72072
-27.98608
-29.5129
-31.09262
-32.379635
-33.37638
-34.293234999999996
-35.44
-37.031425
-39.01263
-40.89903
-38.49108
-37.200445
-35.91645
-34.52974
-33.164424999999994
-31.895405
-30.78346
-29.74133
-28.60626
-27.33547
-25.99231
-24.74137
-23.74463
-23.02593
-22.54018
-22.157215
-21.77123
-21.34718
-20.93575
-20.60442
-20.45145
-20.56276
-20.95574
-21.60615
-22.44355
-23.36336
-24.227465
-24.8574
-25.33137
-25.92777
-26.84261
-28.149575
-29.71327
-31.33211
-32.5911
-33.50291
-34.36328
-35.39807
-36.943735000000004
-38.89171
-40.77922
-38.606495
-37.18996
-35.98446
-34.57887
-33.18266
-31.91692
-30.887
-29.906354999999998
-28.85518
-27.63814
-26.31068
-25.045335
-24.009095
-23.21987
-22.67145
-22.24917
-21.882080000000002
-21.523015
-21.21602
-21.02017
-20.998595
-21.20701
-21.6376
-22.24788
-22.96745
-23.70757
-24.36314
-24.86119
-25.31214
-25.96887
-26.98721
-28.37341
-30.01526
-31.62955
-32.88025
-33.77311
-34.56669
-35.5896
-37.12081
-39.01372
-40.8879
-39.05184
-37.4987
-36.24344
-34.781530000000004
-33.328655
-32.02848
-30.94061
-29.97264
-29.02758
-27.943915
-26.71213
-25.52489
-24.48347
-23.65022
-23.058685
-22.591794999999998
-22.20481
-21.87881
-21.63466
-21.53877
-21.626514999999998
-21.91122
-22.38432
-22.97112
-23.59023
-24.16291
-24.623224999999998
-25.000605
-25.440075
-26.15327
-27.23034
-28.62166
-30.29249
-31.90237
-33.107925
-34.00742
-34.81551
-35.9086
-37.4762
-39.27227
-41.233845
-39.42577
-38.00383
-36.70199
-35.2298
-33.78991
-32.38229
-31.17405
-30.13308
-29.20053
-28.16949
-27.05842
-25.96152
-24.996299999999998
-24.19802
-23.61032
-23.15751
-22.778115
-22.44992
-22.22495
-22.153615
-22.25384
-22.54
-22.99055
-23.522525
-24.05392
-24.50644
-24.86242
-25.24866
-25.7841
-26.59226
-27.69773
-29.09827
-30.67151
-32.164075
-33.22876
-34.121695
-35.02642
-36.2067
-37.87086
-39.78552
-41.65798
-39.49154
-38.28601
-37.10062
-35.74099
-34.4454
-33.04292
-31.70005
-30.55326
-29.5499
-28.537934999999997
-27.440495
-26.38011
-25.44682
-24.686059999999998
-24.1553
-23.76162
-23.44979
-23.18188
-22.9815
-22.90519
-22.971195
-23.171315
-23.50192
-23.91528
-24.31348
-24.67465
-25.05554
-25.55458
-26.27676
-27.25955
-28.486005
-29.89683
-31.33601
-32.5947
-33.50541
-34.32496
-35.3247
-36.67764
-38.38433
-40.29235
-42.129635
-39.62309
-38.39956
-37.33969
-36.04773
-34.86324
-33.63269
-32.314245
-31.142755
-30.12172
-29.11403
-28.02389
-26.93469
-25.948995
-25.16366
-24.60723
-24.2283
-23.96402
-23.76361
-23.61938
-23.562195
-23.60837
-23.744215
-23.962265000000002
-24.24137
-24.537770000000002
-24.87449
-25.29918
-25.91506
-26.79382
-27.9293
-29.26315
-30.67261
-32.00012
-33.09672
-33.94278
-34.70818
-35.79565
-37.17931
-38.81697
-40.67488
-42.44072
-40.245054999999994
-38.72309
-37.61462
-36.32315
-35.18076
-34.02941
-32.813514999999995
-31.73321
-30.78185
-29.89464
-28.89031
-27.824334999999998
-26.78509
-25.912425
-25.25819
-24.7919
-24.47324
-24.262394999999998
-24.15556
-24.135185
-24.188025000000003
-24.30112
-24.48969
-24.72851
-25.00692
-25.35908
-25.87066
-26.60274
-27.56442
-28.77528
-30.12765
-31.4483
-32.62947
-33.630915
-34.48241
-35.3325
-36.478480000000005
-37.93415
-39.54337
-41.21925
-42.86214
-41.041325
-39.47362
-38.207724999999996
-36.860405
-35.66422
-34.421165
-33.23095
-32.17034
-31.24735
-30.48515
-29.65394
-28.7551
-27.82836
-26.92343
-26.181845000000003
-25.5963
-25.148845
-24.85393
-24.68353
-24.62893
-24.65315
-24.775315
-24.99097
-25.279775
-25.63353
-26.13042
-26.758375
-27.57693
-28.61283
-29.77639
-30.98513
-32.1313
-33.15639
-34.05965
-34.93934
-35.952344999999994
-37.26722
-38.77011
-40.23772
-41.983329999999995
-43.624855
-41.78645
-40.36348
-39.01942
-37.73783
-36.50142
-35.21714
-34.00599
-32.81323
-31.77854
-30.96514
-30.192415
-29.43058
-28.69286
-27.954665
-27.26798
-26.66239
-26.14443
-25.75529
-25.48121
-25.33722
-25.298045000000002
-25.385515
-25.59697
-25.93795
-26.41606
-27.05123
-27.85645
-28.78603
-29.82851
-30.89838
-31.94016
-32.91847
-33.79259
-34.59817
-35.50458
-36.63326
-38.03173
-39.47789
-41.02221
-42.73943
-44.28835
-42.452555000000004
-40.8376
-39.71311
-38.50991
-37.44606
-36.25338
-35.07953
-33.86929
-32.689735
-31.66329
-30.84665
-30.06688
-29.34272
-28.73961
-28.212485
-27.739295
-27.296840000000003
-26.91
-26.58999
-26.404605
-26.33653
-26.35951
-26.5364
-26.86517
-27.37788
-28.10054
-28.96874
-29.9233
-30.96007
-31.925
-32.8754
-33.75241
-34.5285
-35.34575
-36.330529999999996
-37.4667
-38.80276
-40.18566
-41.73684
-43.4492
-45.018155
-43.15244
-41.39235
-40.22223
-39.09156
-38.10061
-37.06938
-36.18196
-35.11908
-33.93472
-32.8637
-31.87089
-31.01993
-30.25461
-29.56221
-29.03438
-28.65097
-28.324565
-28.059055
-27.84596
-27.71687
-27.672674999999998
-27.73797
-27.906985
-28.22538
-28.69063
-29.30679
-30.079995
-30.944789999999998
-31.87598
-32.762275
-33.633395
-34.48599
-35.36015
-36.3315
-37.388805000000005
-38.55668
-39.73513
-41.07816
-42.72366
-44.23475
-45.584925
-43.928125
-42.16286
-40.88443
-39.64878
-38.59325
-37.669889999999995
-36.78538
-36.06178
-35.05333
-34.11788
-33.19943
-32.27891
-31.510055
-30.74765
-30.07509
-29.61994
-29.27731
-29.03118
-28.9156
-28.90651
-28.97593
-29.13668
-29.36941
-29.684820000000002
-30.074550000000002
-30.58612
-31.213075
-31.920835
-32.684250000000006
-33.44366
-34.27829
-35.20335
-36.218
-37.3125
-38.40094
-39.53365
-40.73325
-42.14288
-43.61659
-45.01905
-46.26603
-45.42001
-43.79293
-41.9066
-40.74044
-39.51255
-38.47553
-37.55268
-36.67299
-35.99443
-35.13504
-34.41818
-33.701425
-32.99923
-32.36309
-31.663565
-31.05532
-30.60201
-30.26391
-30.075435
-30.048925
-30.15551
-30.37917
-30.695195
-31.09153
-31.52863
-32.05272
-32.5893
-33.15281
-33.79062
-34.47337
-35.30385
-36.24883
-37.298135
-38.38358
-39.45306
-40.634825
-41.89302
-43.37273
-44.77082
-46.04108
-47.38799
-46.22939
-45.022490000000005
-43.65012
-42.125315
-40.786625
-39.71218
-38.62563
-37.67531
-36.70936
-36.001225000000005
-35.25268
-34.63413
-34.099115
-33.630885
-33.16919
-32.686225
-32.173325000000006
-31.77569
-31.484875000000002
-31.309
-31.27319
-31.40701
-31.71349
-32.15076
-32.66068
-33.20806
-33.78545
-34.40556
-35.06703
-35.82001
-36.62555
-37.55064
-38.50357
-39.42833
-40.43764
-41.65613
-42.93765
-44.33806
-45.59317
-47.10623
-48.338785
-46.97286
-45.696005
-44.80713
-43.597375
-42.341985
-41.176734999999994
-40.266239999999996
-39.23608
-38.17286
-37.19756
-36.342015
-35.669605000000004
-35.08171
-34.60662
-34.27119
-33.92877
-33.60711
-33.29428
-33.047065
-32.84864
-32.73748500000001
-32.81398
-33.01561
-33.33107
-33.74742
-34.27831
-34.91426
-35.63227
-36.41358
-37.2096
-38.07542
-38.94114
-39.792855
-40.7484
-41.79133
-42.87498
-44.089955
-45.41851
-46.73897
-48.1331
-49.18581
-47.25318
-46.586394999999996
-45.19308
-44.28682
-43.28019
-42.246845
-41.482575
-40.6727
-39.73916
-38.93479
-37.9713
-37.00594
-36.356945
-35.79697
-35.276865
-34.986055
-34.73108
-34.54417
-34.399485
-34.33046
-34.31713
-34.42109
-34.575115
-34.8206
-35.149415
-35.63154
-36.25238
-36.92138
-37.61703
-38.44095
-39.32682
-40.15446
-41.0547
-41.94802
-43.04432
-44.09529
-45.3128
-46.51956
-47.75756
-48.8427
-49.970835
-48.92421
-47.61169
-46.61245
-45.29383
-44.44109
-43.44057
-42.45244
-41.83719
-41.28212
-40.578019999999995
-39.89765
-39.09524
-38.242515
-37.48264
-36.9535
-36.44051
-36.04598
-35.87434
-35.80392
-35.826769999999996
-35.93086
-36.11912
-36.36784
-36.667265
-37.01539
-37.48383
-37.96513
-38.45132
-39.09409
-39.788349999999994
-40.5589
-41.35427
-42.15825
-43.275325
-44.312625
-45.406315
-46.667795
-47.90569
-48.97125
-49.77095
-51.04002
-50.57187
-49.0658
-48.12527
-46.51845
-45.51671
-44.48821
-43.52206
-42.616575
-42.066935
-41.58499
-41.045685
-40.69427
-40.16304
-39.583105
-38.990075000000004
-38.467259999999996
-37.95974
-37.57307
-37.40184
-37.39333
-37.45092
-37.62883
-37.964155
-38.33811
-38.814225
-39.296
-39.71086
-40.15118
-40.72815
-41.332935000000006
-41.91074
-42.51904
-43.36572
-44.349334999999996
-45.352045000000004
-46.59479
-47.91722
-49.05698
-50.07879
-51.106489999999994
-52.26977
-51.25354
-50.50553
-49.5345
-48.34641
-47.05509
-46.18818
-44.97408
-43.93909
-43.0196
-42.41423
-42.037819999999996
-41.54243
-41.23655
-41.010040000000004
-40.742329999999995
-40.46198
-40.09381
-39.78643
-39.38224
-39.151489999999995
-39.062275
-39.114155
-39.32637
-39.704260000000005
-40.129
-40.59737
-41.06539
-41.61021
-42.19222
-42.764105
-43.36674
-44.05643
-44.82562
-45.752645
-46.685985
-47.83202
-48.90169
-49.72695
-50.87531
-52.081295
-53.07822
-52.37894
-51.6237
-50.77494
-49.87434
-48.91991
-48.10764
-46.89317
-45.88068
-44.88836
-43.97882
-43.28574
-42.67974
-42.22283
-41.80964
-41.61509
-41.68631
-41.61404
-41.48353
-41.36
-41.12431
-41.01017
-40.94994
-40.96345
-41.09655
-41.40474
-41.77393
-42.192
-42.7566
-43.36376
-44.02621
-44.71901
-45.61087
-46.51603
-47.44821
-48.318775
-49.25126
-50.159475
-51.01272
-52.07133
-53.16866
-54.52271
