-42.6871
-41.843385
-41.16165
-40.6018
-40.20547
-39.972210000000004
-39.89986
-39.96622
-40.11465
-40.28652
-40.525825
-40.82816
-41.18639
-41.58788
-41.990005
-42.38952
-42.96677
-43.20018
-43.40093
-43.51556
-43.59483
-43.58801
-43.48299
-43.3942
-43.47598
-43.76798
-44.25771
-44.91106
-45.780155
-46.86595
-47.96539
-48.73916
-49.08384
-49.189025
-49.401275
-50.13956
-50.912459999999996
-51.491150000000005
-51.66249
-51.60814
-51.694995
-41.58945
-41.01881
-40.52036
-40.23368
-40.129149999999996
-40.18664
-40.35852
-40.59237
-40.85917
-41.18806
-41.638715000000005
-42.20689
-42.80722
-43.350085
-43.76294
-44.0367
-44.22593
-44.390525
-44.553380000000004
-44.68002
-44.814315
-44.96137
-45.04453
-45.008775
-44.92472
-44.898035
-45.00826
-45.2661
-45.64989
-46.23212
-47.07897
-47.96975
-48.572925
-48.833355
-48.92505
-49.05735
-49.39675
-50.12397
-50.582565
-50.66404
-50.55068
-41.10879
-40.67298
-40.37778
-40.32034
-40.45395
-40.69471
-40.972409999999996
-41.28426
-41.72021
-42.337955
-43.124915
-43.89054
-44.4025
-44.575935
-44.57746
-44.59471
-44.72119
-44.98601
-45.28386
-45.503755
-45.65666
-45.77786
-45.83579
-45.767939999999996
-45.66369
-45.67641
-45.82851
-46.05066
-46.288455
-46.63242
-47.22787
-47.93872
-48.40239
-48.64207
-48.871764999999996
-49.04472
-49.084955
-49.15681
-49.34972
-49.45625
-49.40328
-40.872665
-40.62239
-40.59675
-40.81763
-41.20855
-41.652685
-42.12376
-42.72435
-43.538225
-44.46457
-45.0983
-45.304195
-45.29276
-45.31694
-45.70981
-46.55445
-47.747429999999994
-49.45855
-50.792820000000006
-51.77128
-51.84697
-50.894935000000004
-49.42004
-47.937974999999994
-46.58676
-45.877934999999994
-45.74557
-46.065585
-46.63028
-47.34176
-48.17361
-48.93575
-49.332015
-49.23935
-49.16504
-49.25808
-49.19152
-48.89638
-48.665769999999995
-48.57235
-48.51665
-40.87284
-40.837630000000004
-41.05579
-41.4892
-42.05549
-42.72607
-43.56942
-44.57069
-45.49898
-45.891515
-45.81859
-45.98206
-46.938874999999996
-49.05008
-53.14025
-57.38016
-54.439305000000004
-50.80524
-48.86253
-48.1867
-48.74146
-50.351214999999996
-52.37154
-52.884905
-50.64918
-48.04639
-46.31769
-45.72253
-46.023515
-47.11227
-48.7847
-50.70193
-51.762795
-51.75585
-50.80322
-49.90965
-49.37204
-48.92524
-48.488119999999995
-48.17471
-48.02697
-41.117245
-41.30798
-41.69764
-42.21913
-42.95525
-43.95402
-45.192415
-46.26498
-46.61461
-46.45848
-46.769585
-48.44897
-53.07344
-58.61365
-51.319919999999996
-46.44687
-43.78976
-42.279105
-41.57433
-41.41117
-41.81917
-42.74811
-44.23878
-46.47354
-49.32457
-51.03546
-49.04284
-46.81359
-45.96467
-46.36338
-47.9692
-50.78082
-53.45102
-54.404995
-53.00048
-50.981865
-49.70953
-49.09941
-48.5986
-47.993055
-47.49298
-41.56202
-41.93882
-42.54434
-43.39214
-44.5895
-46.113969999999995
-47.33549
-47.52661
-47.4416
-48.504115
-52.651555
-60.329809999999995
-50.4141
-45.044815
-42.28758
-40.796225
-40.12659
-40.02155
-40.28518
-40.74334
-41.17888
-41.504125
-41.858695
-42.52304
-43.83706
-46.078455
-48.969595
-49.30676
-47.415665000000004
-46.544555
-47.29821
-49.54574
-53.40557
-56.94334
-56.82088
-52.94181
-50.66291
-49.25085
-48.57246
-47.85814
-46.979395
-42.17036
-42.68446
-43.52454
-44.77177
-46.52987
-48.21293
-48.653864999999996
-48.51987
-50.05705
-55.52053
-58.29104
-48.47146
-44.24568
-42.41633
-42.013305
-42.65202
-44.005979999999994
-45.157
-45.265150000000006
-44.64505
-44.2774
-44.27534
-44.36731
-44.16724
-44.08861
-44.71482
-46.51105
-49.02052
-49.079605
-47.52871
-47.32669
-48.93197
-52.62398
-57.257774999999995
-58.84379
-56.128985
-52.26884
-49.67686
-48.35075
-47.45599
-46.4619
-42.81076
-43.50529
-44.592325
-46.38505
-48.63787000000001
-50.32338
-50.40756
-51.62271
-57.28159
-57.13558
-48.58257
-45.08643
-44.370850000000004
-45.52408
-45.74699
-41.99225
-38.01727
-35.273645
-33.62185
-32.83308
-32.84422
-33.73104
-35.31833
-37.678825
-40.46311
-43.10693
-45.26112
-47.73019
-50.10043
-48.907894999999996
-47.62879
-48.59821
-51.96213
-56.880415
-58.49977
-57.13065
-53.91135
-50.47498
-48.388635
-47.08621
-46.13276
-43.48082
-44.45328
-46.19373
-48.75967
-51.45872
-52.43966
-53.99774
-58.20864
-53.47678
-48.1562
-46.3872
-46.81903
-43.71121
-37.55906
-32.8876
-29.52578
-27.162245
-25.55877
-24.605915
-24.21656
-24.39369
-25.142975
-26.46919
-28.47131
-31.146155
-34.46497
-38.3425
-42.65547
-47.586169999999996
-50.84257
-48.49105
-48.014365
-50.45082
-56.20158
-58.16323
-56.07511
-54.79319
-51.65823
-48.79885
-47.01672
-45.88278
-44.24651
-45.53323
-47.75608
-50.932739999999995
-53.02928
-53.9867
-54.98758
-52.27192
-48.69296
-47.89675
-47.14025
-40.192229999999995
-33.89965
-29.30228
-25.91613
-23.402865
-21.56497
-20.32618
-19.56185
-19.23857
-19.43018
-20.102710000000002
-21.251005
-23.00295
-25.32504
-28.30789
-31.931555000000003
-36.202915
-41.41394
-47.96265
-50.9021
-48.35252
-49.24632
-54.72599
-58.832395
-54.44081
-53.76065
-52.61578
-49.586885
-47.35617
-45.85179
-45.317335
-47.03274
-49.99282
-52.88437
-54.0004
-53.70057
-51.21297
-48.77388
-48.90237
-47.25112
-39.165620000000004
-32.95212
-28.08923
-24.38895
-21.62127
-19.48367
-17.91547
-16.80813
-16.13896
-15.8861
-16.057634999999998
-16.65971
-17.739355
-19.32833
-21.48418
-24.204505
-27.56216
-31.531635
-36.29259
-42.247545
-49.84
-49.72501
-48.96133
-53.376395
-60.79277
-53.89702
-52.585485000000006
-53.02681
-50.53924
-47.75522
-45.91928
-46.40298
-48.483845
-51.6953
-53.882885
-53.59932
-51.10677
-48.33527
-48.23475
-49.90662
-40.12161
-32.44606
-27.12791
-23.186709999999998
-20.12422
-17.771430000000002
-15.88789
-14.50042
-13.523155
-12.923995000000001
-12.70837
-12.885485
-13.46889
-14.46725
-15.94964
-17.9304
-20.53217
-23.69655
-27.42362
-31.88822
-37.29717
-44.373455
-49.512335
-48.45182
-51.71795
-63.110425
-53.80507
-51.32689
-52.468165
-51.24266
-47.98285
-45.83347
-47.51291
-50.13492
-53.017885
-53.51653
-51.19009
-48.06899
-46.74517
-50.49556
-43.44856
-33.86406
-27.714525000000002
-23.26923
-19.866675
-17.119790000000002
-14.95805
-13.247655
-11.95706
-11.05218
-10.509255
-10.328955
-10.52337
-11.100855
-12.09543
-13.54671
-15.481539999999999
-17.99167
-21.046605
-24.73905
-28.99298
-34.12046
-40.88609
-48.34759
-47.71974
-49.45237
-58.85279
-54.06042
-50.60292
-51.698135
-51.66696
-48.02977
-45.51547
-48.61335
-51.58958
-53.58056
-52.166405
-48.97992
-46.443215
-47.45649
-51.21743
-37.5509
-29.818115
-24.53661
-20.55704
-17.44047
-14.8829
-12.85321
-11.19999
-10.0938
-9.29569
-8.772974
-8.5944635
-8.770556
-9.331263
-10.275794999999999
-11.67464
-13.55416
-15.99036
-18.940289999999997
-22.56144
-26.718395
-31.51303
-37.75008
-46.2276
-47.76106
-47.873400000000004
-54.26234
-54.68311
-50.095545
-50.68339
-51.83005
-48.36979
-45.39248
-50.02552
-52.85664
-53.83685
-51.184095
-47.86345
-46.24583
-50.01474
-45.24146
-33.929605
-27.21048
-22.43925
-18.7042
-15.71846
-13.247775
-11.26845
-9.677878
-8.459907
-7.624024
-7.132147
-6.975377
-7.166646500000001
-7.713412
-8.65614
-10.04433
-11.86478
-14.19006
-17.1814
-20.75817
-24.88728
-29.62322
-35.39787
-43.43609
-48.09684
-46.90789
-51.10779
-54.161365
-49.506515
-49.62059
-51.53519
-48.58741
-45.25595
-51.305260000000004
-53.99303
-54.008465
-50.66377
-47.43762
-46.53877
-52.769375
-40.97171
-31.43487
-25.346595
-20.80214
-17.23256
-14.33445
-11.91851
-9.985128
-8.420904499999999
-7.247619
-6.4377575
-5.97562
-5.959892
-6.152527
-6.704743
-7.619234
-8.967582
-10.7877
-13.1347
-16.05948
-19.635475
-23.83244
-28.56734
-34.25123
-42.000635
-47.90982
-46.23455
-48.98977
-53.12688
-49.15725
-48.95221
-51.14277
-48.69491
-45.139089999999996
-52.016615
-54.516725
-53.96427
-50.38566
-47.07248
-46.79519
-53.374935
-38.62276
-29.84741
-24.05128
-19.67944
-16.182615
-13.357385
-10.995
-9.115508
-7.5860515
-6.443717
-5.673503999999999
-5.235327
-5.132816
-5.3655314999999995
-5.93806
-6.887529
-8.2620595
-10.10531
-12.47912
-15.44141
-19.08477
-23.37453
-28.20287
-34.087
-42.021555
-47.46139
-45.43569
-47.84394
-51.98927
-48.70598
-48.52126
-50.69298
-48.031525
-44.54491
-52.09653
-54.36589
-53.84074
-50.46848
-47.187335000000004
-47.16723
-53.06081
-37.51009
-29.01428
-23.32224
-19.00437
-15.5652
-12.74108
-10.42162
-8.569007
-7.079428
-5.982099
-5.245331
-4.844278
-4.776386
-5.042024
-5.654966
-6.639325
-8.056251
-9.953048
-12.35384
-15.348315
-19.10881
-23.50576
-28.685879999999997
-34.28898
-42.638655
-47.33331
-45.06913
-47.45815
-51.48863
-48.4094
-48.282
-50.273365
-47.360775000000004
-43.98456
-51.930530000000005
-54.05176
-53.94739
-51.10687
-47.75038
-47.61423
-52.72254
-37.27858
-28.954729999999998
-23.14051
-18.85527
-15.42642
-12.589929999999999
-10.26667
-8.44439
-6.981037000000001
-5.904975
-5.197272
-4.814958
-4.769292
-5.063742
-5.694869499999999
-6.716268
-8.153902
-10.08673
-12.52762
-15.56799
-19.36564
-23.87904
-29.0812
-35.39389
-44.10084
-47.0021
-45.08571
-47.92815
-51.16204
-47.95861
-48.12313
-49.549005
-46.11615
-43.16591
-51.948025
-54.20131
-54.65348
-52.37166
-48.55777
-47.738765
-53.56605
-38.54385
-29.74192
-23.78834
-19.34247
-15.79528
-12.948215000000001
-10.60395
-8.768824
-7.2944255
-6.227034
-5.5249695
-5.155066
-5.131381
-5.442211
-6.121493
-7.178608
-8.640645
-10.60976
-13.18636
-16.23571
-20.19678
-24.89295
-30.33558
-37.083655
-45.58383
-46.29749
-45.457325
-48.927115
-50.78783
-47.65565
-48.19547
-48.80241
-45.14226
-42.545265
-52.083375000000004
-54.75295
-55.845625
-53.84953
-49.21737
-47.04612
-51.953815000000006
-41.242345
-31.40768
-24.978945000000003
-20.2971
-16.652815
-13.70143
-11.35549
-9.4774895
-8.0087
-6.9476695
-6.262668
-5.927684
-5.94322
-6.310953
-7.0409265
-8.189222
-9.759131
-11.84889
-14.43074
-17.70537
-21.452370000000002
-26.35873
-32.302635
-39.6112
-46.62336
-45.546745
-46.094049999999996
-50.59698
-50.246625
-47.61718
-48.37451
-47.814009999999996
-44.25097
-42.01317
-52.02831
-55.11002
-56.915825
-55.33691
-49.79496
-46.427170000000004
-48.51378
-46.53404
-34.26735
-26.995215
-21.94686
-18.08556
-15.043795
-12.58612
-10.67132
-9.174393
-8.104182
-7.414443
-7.076861
-7.121772
-7.531245
-8.309912
-9.513688
-11.16844
-13.267295
-16.08683
-19.48836
-23.79164
-29.0803
-35.80521
-44.32892
-46.395880000000005
-45.29081
-47.86393
-52.90099
-49.399339999999995
-47.7522
-48.16346
-45.81806
-42.85622
-41.21507
-51.60915
-55.03161
-57.70238
-57.43474
-51.2928
-46.60178
-46.190815
-53.961330000000004
-39.17203
-30.30631
-24.5664
-20.40303
-17.12394
-14.54078
-12.527695000000001
-10.98028
-9.860628
-9.154494
-8.816029
-8.869423
-9.312487
-10.16035
-11.42145
-13.1751
-15.39913
-18.28539
-21.86801
-26.422179999999997
-32.25125
-39.79874
-47.80485
-46.007225000000005
-46.37361
-51.10184
-53.75347
-48.866910000000004
-47.79588
-47.02355
-44.234965
-41.88937
-40.65663
-51.01093
-54.41253
-57.93589
-60.074785
-54.51321
-48.226445
-45.73787
-49.03616
-46.643115
-34.66517
-27.94683
-23.26371
-19.71468
-16.97269
-14.84615
-13.22441
-12.071095
-11.35223
-11.02867
-11.124984999999999
-11.61906
-12.5453
-13.92188
-15.78757
-18.151995
-21.3418
-25.170645
-30.14745
-36.93985
-46.57574
-47.864599999999996
-46.46801
-49.2853
-57.33852
-51.69117
-48.26285
-47.58164
-45.6225
-42.870599999999996
-41.1181
-40.30085
-50.554055000000005
-53.67041
-57.52373
-60.51486
-59.669175
-51.43485
-46.84083
-46.56174
-53.955479999999994
-41.73495
-32.87399
-27.32984
-23.30598
-20.287869999999998
-17.96867
-16.24831
-15.02496
-14.270095000000001
-13.95712
-14.07619
-14.642669999999999
-15.64985
-17.16029
-19.17709
-21.82863
-25.22744
-29.61433
-35.57184
-44.65203
-50.44161
-47.05584
-48.56456
-55.9529
-55.38861
-49.45942
-47.97955
-46.69404
-44.06365
-41.79608
-40.584425
-40.10767
-49.894555
-52.41671
-56.34265
-59.78639
-62.52608
-56.27707
-49.64598
-46.70867
-47.8843
-53.61953
-40.49698
-33.0605
-28.16931
-24.61662
-22.03161
-20.12171
-18.78003
-17.94919
-17.62906
-17.78113
-18.40441
-19.49526
-21.14535
-23.385095
-26.34907
-30.24835
-35.55585
-43.728695
-53.48615
-48.05834
-48.27351
-53.866645
-59.50437
-50.88211
-48.42735
-47.628
-45.53323
-42.89021
-41.06114
-40.24009
-39.95542
-49.30658
-51.2121
-54.543745
-58.72175
-61.63716
-60.607834999999994
-53.52622
-48.86889
-47.271969999999996
-49.69058
-52.00535
-40.73837
-34.20736
-29.87946
-26.79797
-24.735394999999997
-23.26225
-22.357660000000003
-22.02112
-22.19215
-22.91599
-24.13807
-26.0415
-28.634625
-32.12748
-37.010135
-44.76307
-56.55169
-49.36604
-48.55032
-52.78466
-62.686375
-52.2507
-48.66034
-47.54674
-45.84039
-43.28505
-41.28989
-40.24696
-39.85689
-39.85104
-49.14487
-50.40413
-52.85649
-56.58063
-60.170410000000004
-61.66708
-58.37608
-53.01475000000001
-49.67986
-48.863185
-51.378425
-52.5421
-43.30978
-37.32768
-33.417
-30.8253
-29.049165000000002
-28.043385
-27.64997
-27.910355000000003
-28.82593
-30.38227
-32.817765
-36.21495
-41.274225
-50.193985
-57.596275000000006
-50.87115
-49.65278
-52.94055
-62.102145
-53.18263
-48.81062
-47.38772
-46.22333
-44.04279
-41.81971
-40.45872
-39.85795
-39.71497
-39.94908
-49.67448
-50.48253
-52.0443
-54.76202
-58.339349999999996
-60.778904999999995
-61.244145
-58.70161
-54.87634
-52.42532
-51.79302
-52.91646
-53.24556
-47.74191
-42.40456
-38.87226
-36.65559
-35.36802
-35.02644
-35.3789
-36.78075
-39.0085
-42.63759
-48.48287
-57.46886
-53.85297
-51.361670000000004
-52.52122
-57.81336
-58.17604
-51.02883
-47.82297
-46.52752
-45.775409999999994
-44.10786
-42.08095
-40.648695000000004
-39.95771
-39.74008
-39.840205
-40.348655
-50.74108
-51.26315
-52.099959999999996
-53.73709
-56.48309
-59.63039
-60.88036
-60.59365
-60.08441
-59.92064
-59.695235
-57.396495
-54.84796
-53.803095
-53.06668
-50.85
-48.539145
-47.2237
-47.44183
-49.200585000000004
-52.88195
-58.28398
-56.315394999999995
-52.74168
-51.72696
-53.109175
-57.80072
-61.07801
-53.19922
-48.90536
-46.66321
-45.78191
-45.195345
-43.920885
-42.1604
-40.78365
-40.06586
-39.80898
-39.83294
-40.19666
-41.02143
-51.39707
-51.8309
-52.38834
-53.372384999999994
-55.29005
-58.32546
-60.70678
-59.77035
-57.9033
-56.75449
-57.15821
-59.1864
-60.49355
-58.28149
-56.65253
-56.308785
-56.41312
-56.51443
-56.19937
-54.8969
-53.29872
-52.333425
-52.51397
-54.29001
-58.80806
-61.63537
-54.33635
-49.999845
-47.55365
-46.21533
-45.60941
-44.99564
-43.79037
-42.1936
-40.86536
-40.11394
-39.82222
-39.78627
-40.00813
-40.650104999999996
-41.77015
-51.527195000000006
-51.93892
-52.480199999999996
-53.19518
-54.39731999999999
-56.52793
-59.55958
-60.81916
-58.50049
-55.354395
-52.99979
-51.77509
-51.6417
-52.45885
-53.98142
-55.80234
-57.64044
-59.26916
-60.00409
-59.57144
-59.4554
-60.50855
-60.92983
-57.181235
-52.89881
-49.86824
-47.92323
-46.74842
-46.253885
-45.96549
-45.28574
-43.93825
-42.34505
-41.05702
-40.270790000000005
-39.9271
-39.84107
-39.95982
-40.41001
-41.33164
-42.67461
-51.94819
-52.21156
-52.772085000000004
-53.47588
-54.25901
-55.35129
-57.10147
-59.20767
-60.04063
-57.474115
-53.58475
-50.53702
-48.60456
-47.684015
-47.60693
-48.07862
-48.78661
-49.594015
-50.41605
-51.057165
-51.18607
-50.52951
-49.371685
-48.14837
-47.01875
-46.445565
-46.25185
-46.343215
-46.28117
-45.54748
-44.15018
-42.59816
-41.3844
-40.64853
-40.29353999999999
-40.16691
-40.21787
-40.54532
-41.292875
-42.487719999999996
-43.94474
-52.875479999999996
-52.92246
-53.352464999999995
-54.03727
-54.63229
-55.08527
-55.63216
-56.3191
-56.99195
-57.21372
-55.51682
-52.172115000000005
-49.1405
-47.00675
-45.96989
-45.58572
-45.54383
-45.649335
-45.8418
-46.05786
-46.196754999999996
-46.19503
-46.10658
-46.03907
-46.09661
-46.275695
-46.420515
-46.20388
-45.364885
-44.10546
-42.79548
-41.781225000000006
-41.14092
-40.82091
-40.687605000000005
-40.68776
-40.92847
-41.557784999999996
-42.59903
-43.97356
-45.53212
-53.822745
-53.6712
-53.869785
-54.39689
-54.89745
-55.28423
-55.49343
-55.41663
-55.10337
-54.866035
-54.71416
-53.58032
-51.17144
-48.840075
-47.16212
-46.2927
-45.8359
-45.594355
-45.527
-45.62412500000001
-45.81941
-46.085930000000005
-46.40901
-46.726884999999996
-46.95536
-46.865759999999995
-46.28743
-45.3045
-44.172835
-43.15036
-42.32164
-41.78905
-41.4733
-41.29578
-41.24444
-41.40542
-41.924715
-42.81968
-44.04707
-45.482645000000005
-47.0653
-54.693385
-54.41651
-54.431560000000005
-54.6988
-55.1124
-55.642695
-56.05708
-55.97218
-55.28544
-54.38488
-53.736945000000006
-53.31016
-52.54898
-51.28426
-50.01811
-49.08369
-48.42039
-47.90313
-47.60603
-47.564170000000004
-47.70543
-47.92118
-48.09673
-48.06483
-47.63808
-46.743635
-45.72553
-44.7458
-43.91581
-43.27342
-42.793935
-42.44552
-42.16522
-41.97883
-42.0252
-42.39745
-43.167519999999996
-44.22038
-45.53308
-46.99686
-48.56336
-56.10533
-55.67648
-55.42902
-55.37968
-55.453405000000004
-55.69921
-55.90658500000001
-55.80134
-55.32233
-54.40562
-53.42081
-52.753175
-52.37204
-52.087165
-51.8099
-51.47027
-50.95105
-50.36248
-49.83585
-49.4767
-49.20158
-48.873795
-48.449005
-47.88768
-47.065484999999995
-46.28422
-45.52386
-44.8829
-44.366665
-43.93916
-43.558605
-43.22745
-42.986900000000006
-42.932655
-43.17928
-43.758525
-44.656435
-45.80892
-47.16704
-48.675135
-50.43142
-58.183645
-57.61753
-56.880285
-56.252
-55.65411
-55.135855
-54.62868
-54.123115
-53.72855
-53.323575000000005
-52.78224
-52.23479
-51.87402
-51.699195
-51.66746
-51.59768
-51.31044
-50.8459
-50.30852
-49.740325
-49.13226
-48.48366
-47.85987
-47.28144
-46.6458
-46.110805
-45.59821
-45.13626
-44.727090000000004
-44.37238
-44.09338
-43.93454
-43.93928
-44.16255
-44.640725
-45.38301
-46.3879
-47.688900000000004
-49.17809
-50.923069999999996
-52.43712
-59.838125000000005
-59.12488
-57.97702
-56.74282
-55.58897
-54.55671
-53.6641
-52.952705
-52.52767
-52.333035
-52.15875
-51.95295
-51.82001
-51.7064
-51.5798
-51.3627
-51.050975
-50.64358
-50.172465
-49.607395
-48.95902
-48.30926
-47.72252
-47.22757
-46.66935
-46.19711
-45.700835
-45.25577
-44.91491
-44.70725
-44.6549
-44.75529
-45.01914
-45.444485
-46.092690000000005
-46.94671
-48.09637
-49.51527
-51.35973
-52.853015
-54.231485
-59.828739999999996
-59.23192
-58.27125
-57.14243
-56.03759
-54.95443
-53.92076
-53.085584999999995
-52.55242
-52.32351
-52.242875
-52.270545
-52.3557
-52.400735
-52.22718
-51.823359999999994
-51.30721
-50.776875
-50.2547
-49.695205
-49.09882
-48.5275
-48.02805
-47.56491
-47.00188
-46.52455
-46.069
-45.73338
-45.55956
-45.559565
-45.71137
-45.95078
-46.298685
-46.80897
-47.49165
-48.40644
-49.56795
-51.19704
-52.713615000000004
-54.09734
-55.32831
