-20.69764
-20.23954
-19.980359999999997
-19.38337
-19.14653
-18.05506
-17.63427
-16.89349
-16.96765
-15.871155
-15.67585
-15.075524999999999
-14.57026
-14.16093
-13.79629
-13.46143
-13.00505
-13.00588
-12.6222
-12.44257
-12.23045
-12.10723
-12.03017
-11.87201
-11.9438
-11.83296
-12.0074
-11.92833
-12.21965
-12.15938
-12.557125
-12.55943
-13.02588
-13.067225
-13.63044
-13.675315000000001
-14.385565
-14.47532
-15.23834
-15.32676
-16.180205
-16.33013
-17.22328
-17.4458
-18.42191
-18.64442
-19.724185
-20.04427
-21.085054999999997
-21.40664
-22.53365
-20.1107
-20.89797
-19.26338
-18.78533
-18.168515
-17.82854
-16.88452
-16.69052
-15.68218
-15.561165
-14.795485
-14.47571
-13.700865
-13.7026
-13.11212
-12.73263
-12.51491
-12.09804
-11.88562
-11.62287
-11.47195
-11.28123
-11.227395000000001
-11.06278
-11.127745
-11.009415
-11.17471
-11.10183
-11.347674999999999
-11.33804
-11.7066
-11.70887
-12.06624
-12.40842
-12.56202
-13.03328
-13.460155
-13.73668
-14.31276
-14.85621
-15.413834999999999
-15.94032
-16.315815
-16.8411
-17.67774
-18.15549
-18.979770000000002
-19.726015
-19.95486
-21.22258
-21.42072
-20.15874
-20.33454
-19.358565
-18.969925
-18.10104
-17.25837
-16.807625
-16.411659999999998
-15.013475
-14.91815
-14.20258
-13.767645
-13.432595
-12.83613
-12.53235
-12.156649999999999
-11.86206
-11.55841
-11.33274
-11.08532
-10.96764
-10.74768
-10.67899
-10.513565
-10.59274
-10.55616
-10.59498
-10.68592
-10.72066
-10.92938
-11.11021
-11.42313
-11.42528
-12.035885
-12.06636
-12.6576
-12.733705
-13.51406
-13.78328
-14.398165
-14.61036
-15.46756
-15.74857
-16.63675
-16.94228
-17.79323
-18.11865
-19.235725
-19.62957
-20.70137
-21.08723
-19.25996
-19.400260000000003
-18.52
-17.70924
-17.08785
-16.69965
-15.87788
-15.41465
-14.695635
-14.244005000000001
-13.61124
-13.220655
-12.698129999999999
-12.3323
-11.886614999999999
-11.57031
-11.19651
-10.92013
-10.6708
-10.44804
-10.276995
-10.10726
-10.03016
-9.909101
-9.971416
-9.905337
-10.013765
-10.03267
-10.14734
-10.362915000000001
-10.48174
-10.81546
-11.196439999999999
-11.21053
-11.765485
-11.946079999999998
-12.62932
-12.839775
-13.52385
-13.836175
-14.537595
-14.777745
-15.75848
-16.03305
-16.94041
-17.29729
-18.257195
-18.715065
-19.65153
-20.00264
-21.14833
-18.746855
-18.766665
-17.833025
-17.418840000000003
-16.51405
-15.785
-15.411815
-14.56992
-14.14451
-13.433720000000001
-13.035795
-12.4045
-11.95149
-11.756685000000001
-11.148715
-10.91439
-10.46524
-10.279285
-9.914043
-9.76929
-9.550966
-9.454645
-9.289756
-9.296573
-9.224220500000001
-9.300161
-9.306471
-9.493941
-9.5013405
-9.784354
-9.921438
-10.32752
-10.464224999999999
-10.920639999999999
-11.004660000000001
-11.674790000000002
-11.87596
-12.36494
-13.19784
-13.19547
-14.01993
-14.70492
-14.92321
-15.56026
-16.27469
-17.282155
-17.31413
-18.338
-19.24764
-19.40591
-20.45446
-17.918405
-17.916240000000002
-16.98394
-16.44048
-15.5767
-15.098265
-14.38383
-13.88075
-13.09448
-12.64873
-12.10237
-11.44209
-11.23166
-10.5403
-10.184715
-9.895757
-9.494194
-9.231263
-8.943565
-8.726233
-8.574679
-8.387997
-8.327801
-8.229177
-8.184599
-8.36524
-8.378867
-8.498792
-8.6455785
-8.864137
-8.851245
-9.284387
-9.327728
-9.9422175
-10.06274
-10.54292
-10.98976
-11.63273
-11.74667
-12.64867
-12.78854
-13.82665
-13.933610000000002
-14.80197
-15.53096
-16.18314
-16.74595
-17.57563
-18.464925
-19.01957
-19.91713
-17.20448
-16.99622
-16.4156
-15.63866
-14.41206
-14.3688
-13.32908
-12.85985
-12.099165
-11.52152
-11.12675
-10.49133
-10.117685
-9.596209
-9.21579
-8.8305385
-8.649349999999998
-8.192337
-7.918159
-7.773073
-7.483363
-7.407941
-7.3014975
-7.184059
-7.2247319999999995
-7.115041
-7.2882584999999995
-7.242839999999999
-7.532232
-7.5615404999999996
-7.920432
-8.01569
-8.481771
-8.612978
-9.198716
-9.397219
-10.02613
-10.27184
-11.00629
-11.30598
-12.163285
-12.4886
-13.32859
-13.597760000000001
-14.687435
-15.04093
-15.85746
-16.91702
-17.65907
-17.871070000000003
-19.13365
-16.4586
-16.581055
-15.53681
-15.1621
-14.165685
-13.32384
-12.6406
-12.222055000000001
-11.38164
-11.00025
-10.33585
-9.953956
-9.308526
-8.940287
-8.455406
-8.143675
-7.7544105000000005
-7.5733225
-7.21956
-6.921701
-6.788847
-6.616899
-6.5631305
-6.2128225
-6.167717
-6.179037
-6.294006
-6.2129565
-6.56987
-6.543346
-6.991467
-7.008651
-7.596072
-7.648381
-8.292036
-8.391563
-9.158978
-9.388073
-10.19119
-10.48636
-11.1656
-12.21471
-12.58695
-12.97671
-14.057179999999999
-14.11512
-15.26178
-15.92482
-16.81777
-17.26252
-18.33295
-15.73281
-15.71723
-14.67992
-14.21228
-13.24538
-12.71528
-11.88094
-11.37047
-10.61522
-10.18508
-9.481576
-9.081299
-8.462954
-8.1198505
-7.5810455
-7.2710919999999994
-6.831814
-6.58598
-6.345598000000001
-5.997627
-5.8873805
-5.641652
-5.5904195
-5.440063
-5.530845
-5.4328769999999995
-5.553902000000001
-5.546632
-5.762136
-6.347617
-6.022659000000001
-6.543976499999999
-6.842768
-7.095878
-7.663305
-7.929694
-8.40499
-9.043846
-9.130057
-9.853749
-10.51726
-11.39586
-11.57646
-12.25898
-12.76488
-13.81365
-14.32022
-15.388325
-16.502325
-16.45322
-17.64579
-15.26519
-15.15928
-14.20356
-13.73601
-12.74401
-11.977605
-11.5848
-10.65513
-10.177565000000001
-9.513899
-9.063225
-8.439733
-7.926632
-7.5750375000000005
-6.971054
-6.676904
-6.2890985
-5.979815
-5.676774999999999
-5.522517
-5.25307
-5.086761
-4.997945
-4.8733439999999995
-4.896438
-4.806407
-4.960423
-4.955652
-5.176291
-5.232941
-5.619671
-5.669242
-6.210132
-6.342483
-6.954485
-7.201482
-7.8479425
-8.069954
-8.947929
-9.130118
-10.0382
-10.228045000000002
-11.43207
-11.618314999999999
-12.76171
-13.05687
-14.21662
-14.62674
-15.785689999999999
-16.21227
-17.40415
-14.91973
-14.890055
-13.56129
-13.05267
-12.38457
-11.74503
-10.80232
-10.41318
-9.615689
-9.124667
-8.465688
-8.0100165
-7.504516
-7.052942
-6.5056265
-6.203345
-5.7794925
-5.4915715
-5.207644
-4.983854
-4.829984
-4.615694
-4.5553495
-4.461997
-4.506496
-4.503596
-4.572233
-4.678224
-4.892714
-5.018012
-5.353046
-5.3658135
-5.9514
-6.130481
-6.70671
-6.910886
-7.601875
-7.939873
-8.667047
-8.912936
-9.822543
-10.2097
-11.19728
-11.50963
-12.59881
-13.07287
-14.10573
-14.49152
-15.64019
-16.17144
-17.2111
-14.017130000000002
-14.359110000000001
-13.27388
-12.0436
-11.505244999999999
-10.577845
-10.033529999999999
-9.5769655
-8.592232
-8.3853475
-7.503096
-6.965325
-6.556091
-5.970048
-5.776768
-5.511068
-5.0113275
-4.764755
-4.441561999999999
-4.2319815
-4.033159
-3.881235
-3.789907
-3.706405
-3.751231
-3.682611
-3.867393
-3.87711
-4.1169905
-4.428288
-4.679957
-4.726011
-5.373343
-5.46642
-6.094062
-6.233579
-7.131528
-7.310891
-8.019571
-8.713792
-9.29334
-9.833704
-10.57263
-11.3962
-12.009174999999999
-12.80817
-13.726605
-13.90743
-15.131285
-16.0171
-16.44417
-13.66914
-13.7906
-12.776119999999999
-11.8155
-10.590305
-10.52792
-9.4779085
-8.863157999999999
-8.224181
-7.684306
-6.9739005
-6.676219
-5.9979845
-5.5725005
-5.2836
-4.730303
-4.497301
-4.21288
-3.790911
-3.788391
-3.5019299999999998
-3.408089
-3.316521
-3.298128
-3.282258
-3.377437
-3.34081
-3.583385
-3.616519
-4.054028
-4.146828
-4.636058
-4.766175
-5.415976
-5.564603
-6.3060845
-6.528788
-7.370953500000001
-7.700123
-8.549766
-8.807758
-9.921783
-10.18759
-11.321575
-11.60404
-12.70617
-13.01204
-14.36425
-14.71727
-15.99512
-16.37079
-13.01831
-12.76022
-11.6856
-11.34932
-10.49249
-9.832744
-8.912765499999999
-8.5058095
-7.676756
-7.226543
-6.506477
-5.85206
-5.839672
-5.145437
-4.8288345
-4.363516
-4.1207955
-3.7094205000000002
-3.508219
-3.3895939999999998
-3.073995
-3.065118
-2.853331
-2.905523
-2.825397
-2.9140845
-3.0625995
-3.038834
-3.399839
-3.417715
-3.790843
-4.3001404999999995
-4.308167
-4.873746499999999
-5.27839
-5.802262
-6.23986
-6.9008579999999995
-7.3782455
-8.083406
-8.793096
-9.0454175
-10.18513
-10.45936
-11.56848
-11.75447
-13.16805
-13.57819
-14.807
-15.233895
-16.47584
-12.62779
-12.441215
-11.379335
-10.835709999999999
-9.878373
-9.397996
-8.530575500000001
-8.138851
-7.379735
-6.6450455
-6.317426
-5.570474
-5.010992
-4.67018
-4.4128505
-3.7972194999999997
-3.694927
-3.255168
-3.024873
-2.883307
-2.662196
-2.5869695
-2.483135
-2.517342
-2.4774495
-2.611048
-2.631705
-2.877986
-2.929865
-3.353554
-3.474331
-3.84979
-4.478982500000001
-4.482215
-5.133433
-5.6232325
-6.012228
-6.696865
-7.346399
-7.874229
-8.586219
-9.268509
-9.529399
-10.89959
-11.19953
-12.108835
-13.11347
-13.81959
-14.57063
-15.45082
-16.369805
-11.98197
-11.86844
-10.78468
-10.24544
-9.278656
-8.735374
-7.900393
-7.46074
-6.657431
-6.201124999999999
-5.522311999999999
-5.1579795
-4.5098
-4.1939145
-3.68602
-3.4171275
-2.997104
-2.770153
-2.480071
-2.336298
-2.151485
-2.038278
-1.990895
-1.922774
-2.009296
-1.9975260000000001
-2.204018
-2.2396255
-2.571218
-2.667521
-3.101428
-3.237968
-3.834479
-3.9938564999999997
-4.701707
-4.952797
-5.74645
-5.965955
-6.904182
-7.147228
-8.253637000000001
-8.497459
-9.642703000000001
-9.944863
-11.12868
-11.44332
-12.78098
-13.13279
-14.1507
-15.19067
-16.12532
-11.682765
-11.41943
-10.40905
-9.948848
-8.9107305
-8.428634
-7.534498
-6.950563
-6.272074
-5.815168
-5.123927500000001
-4.835196
-4.153531
-3.775597
-3.3781025
-3.063777
-2.6645835
-2.4732775
-2.193822
-2.0443
-1.887738
-1.785175
-1.758279
-1.698154
-1.4924705
-1.7005325
-1.8526189999999998
-1.911281
-2.2485524999999997
-2.4408535000000002
-2.6248225
-3.096929
-3.398506
-3.7819475000000002
-4.3247985
-4.964084
-5.239534
-6.068561
-6.738632
-6.869812
-7.982627
-8.279782
-9.530129
-9.871546
-10.78923
-11.8374
-12.48344
-13.080110000000001
-14.11936
-14.64103
-15.83543
-11.17403
-11.00824
-9.533635
-9.2547025
-8.2527185
-7.8147335
-6.842269
-6.582293
-5.555117
-5.128159999999999
-4.820115
-4.042949
-3.87477
-3.3423499999999997
-2.902064
-2.558133
-2.0431515
-1.931348
-1.736184
-1.492815
-1.383699
-1.330361
-1.238518
-1.24274
-1.25429
-1.371652
-1.5509
-1.591624
-1.979951
-2.075899
-2.458812
-2.892439
-3.382691
-3.468883
-4.189748
-5.026726
-5.036512500000001
-5.902070500000001
-6.444274500000001
-7.086302
-7.856787
-8.666116500000001
-9.700081
-9.707567
-10.933544999999999
-11.77695
-12.254635
-13.55336
-14.00522
-15.2778
-16.0434
-10.59712
-10.65345
-9.548048
-8.251574
-8.1817405
-7.100286
-6.477234
-5.887741
-5.297006
-4.572403
-4.5020965
-3.534134
-3.3753545000000003
-2.777673
-2.428667
-2.003387
-1.7974
-1.4620205
-1.332802
-1.222508
-0.9990536
-0.90386015
-1.00006
-0.90110755
-0.9210152
-1.053119
-1.121852
-1.4038495000000002
-1.543313
-1.897587
-2.252946
-2.3721335000000003
-3.057465
-3.248081
-3.831052
-4.566514
-4.8819115
-5.534225
-6.212698
-6.906437
-7.658846
-8.320297
-9.054964
-9.917243
-10.56983
-11.35627
-12.211565
-13.01047
-13.82831
-14.946265
-15.66432
-10.244015000000001
-10.160245
-8.839872
-8.530416
-7.264055
-7.082866
-6.180762
-5.928092
-5.155969000000001
-4.5166415
-3.61261
-3.730392
-3.030853
-2.635692
-2.269546
-1.943374
-1.542745
-1.375756
-1.0749944999999999
-0.9463833500000001
-0.7852857
-0.7262195
-0.6625464
-0.65947605
-0.7272203
-0.8275694
-0.97937865
-1.0733685
-1.393907
-1.676293
-1.80464
-2.420941
-2.581626
-3.266555
-3.4622225
-4.305487
-4.495636
-5.299906
-6.042982
-6.543467
-7.382735
-8.072538999999999
-8.39307
-9.698086
-10.05313
-11.1885
-11.570585000000001
-12.95382
-13.35231
-14.4144
-15.47899
-10.10768
-10.06732
-9.0471445
-8.085615
-7.315588
-6.951374
-5.943849
-5.614177
-4.7384805
-4.446375
-3.6512075
-3.388799
-2.751082
-2.511111
-1.962699
-1.703329
-1.33676
-1.170775
-0.883661
-0.7591976
-0.588412
-0.5248724
-0.48567095
-0.4778412
-0.55965725
-0.5955615000000001
-0.81469
-0.8978557
-1.256985
-1.424602
-1.875798
-2.0254060000000003
-2.674574
-2.789099
-3.505133
-4.045588
-4.488688
-5.167823500000001
-5.876231499999999
-6.542363
-6.959177
-7.954381
-8.574102
-9.287148
-10.17988
-11.08486
-12.05026
-12.25348
-13.65219
-14.61613
-15.30561
-9.8279995
-10.04309
-8.455886
-8.12608
-7.305584
-6.626535
-5.740736
-5.40506
-4.560803
-4.042702500000001
-3.553987
-2.966173
-2.723295
-2.052605
-1.9193
-1.4212289999999999
-1.174765
-0.931285
-0.672358
-0.5818929
-0.4035519
-0.3537808
-0.31267
-0.3163814
-0.4041482
-0.4620402
-0.66259985
-0.76618125
-1.125675
-1.2894245
-1.760944
-1.952666
-2.590686
-2.792334
-3.521233
-3.655201
-4.508165
-5.254938
-5.620072
-6.610993
-7.322392
-7.6476945
-8.880715
-9.236841
-10.42326
-10.80741
-12.17682
-12.56171
-13.75454
-14.19056
-15.6102
-9.667318
-9.600529
-8.500626
-7.616548
-7.166603
-6.624715
-5.585725
-5.2322235
-4.429761
-4.1464505
-3.176545
-3.041569
-2.391694
-2.201164
-1.5480085
-1.514036
-0.9999135
-0.9179776
-0.6410432
-0.5506868
-0.3566297
-0.34772210000000003
-0.309191
-0.32572005000000004
-0.4468201
-0.4604631
-0.7560728
-0.8294607
-1.192243
-1.296007
-1.8970505
-2.0268995
-2.758212
-2.908203
-3.430525
-4.212132
-4.608518
-5.410131
-5.867654
-6.521143
-7.5064435
-7.726182
-9.138717
-9.3800495
-10.75298
-10.83756
-12.3711
-12.68904
-13.89981
-14.484359999999999
-15.811535
-9.495741
-9.578344
-8.525931
-7.660914999999999
-7.090213
-6.239579
-5.903399
-4.934796
-4.4396065
-3.78232
-3.2855204999999996
-3.0483815
-2.2918209999999997
-2.1059219999999996
-1.678769
-1.289841
-1.0105110000000002
-0.9493632999999999
-0.6196195
-0.5293826
-0.34201665000000003
-0.31044859999999996
-0.2821486
-0.33582
-0.3917403
-0.46801139999999997
-0.6862868
-0.7983989499999999
-1.188334
-1.320924
-1.7851474999999999
-1.9872049999999999
-2.6309560000000003
-2.823374
-3.805514
-3.821767
-4.745185
-5.111907
-5.972444
-6.648948
-6.974091
-8.210311
-8.544978
-9.584591
-9.958629
-11.42509
-11.82069
-12.8873
-13.30114
-14.79245
-15.33023
-9.50001
-9.227536
-8.185374
-7.7056695
-6.9597105
-6.073114
-5.73475
-4.843619
-4.282716
-3.797284
-3.24891
-2.720966
-2.29741
-1.8779379999999999
-1.4890675
-1.4066695
-0.9845017
-0.741246
-0.6388523
-0.4310004
-0.33613785
-0.32756779999999996
-0.3090141
-0.3703259
-0.44134894999999996
-0.55794945
-0.78338405
-0.9339265
-1.308046
-1.457943
-2.053345
-2.251329
-2.875359
-3.099081
-3.931384
-4.185695
-4.945081
-5.279948
-6.390473500000001
-6.7305715
-7.611113
-8.504745
-9.12741
-9.873654
-10.787925
-11.51774
-12.436720000000001
-13.4744
-14.08828
-15.20567
-15.88043
-9.159645
-8.977492
-7.794572499999999
-7.330098
-6.62409
-6.1739625
-5.5653995
-4.599785
-4.149506000000001
-3.635865
-3.336684
-2.7838015
-2.316487
-1.848377
-1.652052
-1.27212
-0.9945803
-0.917223
-0.6323127
-0.5927443
-0.4513282
-0.4419638
-0.4240891
-0.46444595
-0.5747932
-0.657537
-0.9078646
-1.037325
-1.402544
-1.578986
-2.0999235
-2.321325
-2.955518
-3.195143
-3.9501
-4.245271000000001
-4.976878
-5.447806
-6.450254
-6.7952770000000005
-7.7856675
-8.146216
-9.389256
-9.776521
-10.862739999999999
-11.24148
-12.684989999999999
-12.926585
-14.23348
-15.14197
-15.80289
-9.363982
-9.199223
-8.272105
-7.287366
-6.7438895
-6.025947
-5.4978415
-4.683657500000001
-4.3715455
-3.546587
-3.369954
-2.5743229999999997
-2.517631
-1.8569835
-1.7272265
-1.292059
-1.170624
-0.83920825
-0.83141625
-0.5989785999999999
-0.5588228
-0.5275541
-0.5258859
-0.6412060500000001
-0.6484176
-0.9439016
-1.007933
-1.390492
-1.497217
-2.1057680000000003
-2.2046175
-2.896584
-3.0442679999999998
-3.8889164999999997
-4.0355855
-5.018993
-5.202594
-6.295941
-6.5172375
-7.64852
-7.932525500000001
-9.179249
-9.416081
-10.76063
-10.9454
-12.420905000000001
-12.72169
-13.927175
-14.4074
-15.925945
-16.06494
-9.256142
-9.2220535
-7.945712
-7.601465
-6.733282
-6.346269
-5.338515
-5.077556
-4.237641
-3.899444
-3.332905
-2.831984
-2.62217
-2.060441
-1.883853
-1.475275
-1.349621
-1.084247
-0.9363119
-0.86154615
-0.7529366
-0.75234785
-0.7569997
-0.8496039
-0.9304649
-1.130947
-1.269179
-1.5858455
-1.986504
-1.994962
-2.533527
-2.870106
-3.332375
-3.894857
-4.166128
-5.040375
-5.368206
-6.1568175
-7.156363
-7.180367
-8.21504
-9.009256
-9.81371
-10.56569
-11.28555
-12.30759
-13.15438
-13.64079
-14.89097
-15.35856
-16.594254999999997
-9.39172
-9.2263765
-8.305852
-7.406767
-6.5635015
-6.489293
-5.610619
-4.9479310000000005
-4.598968
-4.174557
-3.451101
-3.168166
-2.707514
-2.309184
-1.7845624999999998
-1.841437
-1.49799
-1.3181645
-1.082334
-1.048865
-0.9844694
-0.8832153
-1.018558
-1.053601
-1.218642
-1.2965535
-1.401499
-1.751454
-1.9299475
-2.352001
-2.577346
-3.155696
-3.417631
-4.102513
-4.396139
-5.2311555
-5.552898000000001
-6.477654
-6.824775
-7.844203
-8.151154
-9.154808
-9.554272
-10.88446
-11.289055000000001
-12.24752
-13.32114
-13.99772
-15.09565
-15.63428
-16.74072
-9.608534
-9.412008
-8.418434999999999
-7.629835999999999
-7.277715
-6.430262
-5.873096
-5.367012
-4.7982485
-4.093567
-3.781239
-3.272732
-3.070786
-2.569764
-2.26626
-2.1893535
-1.7456425
-1.7091685
-1.438941
-1.443343
-1.300114
-1.333858
-1.321866
-1.401602
-1.520847
-1.638354
-1.812154
-2.147539
-2.309592
-2.7514529999999997
-3.0270865000000002
-3.46986
-3.937643
-4.205384
-5.022978
-5.311523
-6.160057
-6.494491
-7.46158
-7.805352
-8.886101
-9.231181
-10.2804
-10.70128
-11.85217
-12.281915
-13.44942
-13.96219
-15.224260000000001
-15.67298
-16.938969999999998
-9.888442
-9.7299605
-8.666084
-7.8852285
-7.495588
-6.65274
-6.2147215
-5.740233
-5.001234
-4.6711675
-4.078896
-3.847235
-3.21545
-3.036828
-2.4636735
-2.445344
-2.196672
-1.964673
-1.781912
-1.839327
-1.754568
-1.719058
-1.8040545
-1.820557
-1.9881294999999999
-2.092828
-2.377452
-2.5267
-2.704548
-3.2850465
-3.459209
-3.952789
-4.416019
-4.9357225
-5.389554
-5.946564499999999
-6.661648
-6.9916855
-7.949105
-8.332565
-9.3376095
-9.714985
-10.78021
-11.20475
-12.37866
-12.84796
-14.009360000000001
-14.482230000000001
-15.655059999999999
-16.158675
-17.41914
-10.17379
-10.00487
-9.175757
-8.280552
-7.672801
-7.038578
-6.385123
-6.271873
-5.490865
-4.898259
-4.656794
-4.07057
-3.664831
-3.6087
-3.10813
-2.8052555000000003
-2.671484
-2.43948
-2.264048
-2.225643
-2.145777
-2.1181875
-2.175161
-2.222487
-2.38514
-2.474552
-2.749776
-2.91014
-3.246206
-3.501557
-3.991075
-4.201921
-4.834414
-5.198488
-5.847509
-6.235089
-6.559859
-7.588245
-7.886855
-8.8498845
-9.227786
-10.28411
-10.70073
-12.06154
-12.3641
-13.46029
-14.22613
-15.199190000000002
-15.792165
-16.41129
-17.78769
-10.41131
-10.05004
-9.198773
-8.653925
-8.1453205
-7.782443
-7.021539
-6.647689
-5.943629
-5.722593
-5.07552
-4.656934
-4.477706
-4.012693
-3.727269
-3.303011
-3.328844
-2.94989
-2.9378355
-2.9581365
-2.8379469999999998
-2.861392
-2.895491
-3.01004
-2.927201
-2.923373
-3.453613
-3.650472
-3.9730860000000003
-4.247348000000001
-4.712400000000001
-5.0394415
-5.578132
-6.045756
-6.370304
-7.080109
-7.429722
-8.284734
-8.6552655
-9.492667
-9.87012
-10.988025
-11.387005
-12.17764
-13.197455000000001
-14.05852
-14.29613
-15.54823
-16.36232
-17.2762
-17.98352
-10.87677
-10.53462
-9.485206
-9.0710895
-8.5558325
-8.1515895
-7.639102
-6.990479
-6.157363
-6.123854
-5.305675
-5.246806
-4.5892
-4.456882
-4.064106
-3.8814625
-3.869562
-3.352878
-3.454005
-3.165226
-3.309548
-3.267265
-3.314787
-3.423087
-3.506854
-3.734571
-3.927462
-4.119469
-4.483807
-4.704533
-5.173455
-5.451691
-6.019176
-6.326224
-6.99117
-7.332011
-8.096451
-8.462077
-9.338159
-9.727634
-10.67642
-11.13929
-12.08841
-12.508595
-13.58878
-14.03967
-15.173675
-15.6009
-16.8618
-17.09158
-18.37726
-11.4084
-11.29259
-10.220005
-9.856849
-9.2504965
-8.4976565
-7.4737255000000005
-7.669574
-6.8415615
-6.388375
-5.8951965
-5.897806
-5.311808
-5.0129225
-4.829019
-4.515178
-4.3051705
-4.1834495
-3.999723
-4.024411
-3.930467
-3.942732
-3.989685
-4.086221
-4.137324
-4.368491
-4.483542
-4.8266275
-4.989816
-5.4278565
-5.675561999999999
-6.151246
-6.468892500000001
-7.07804
-7.389201
-7.757658
-8.752344
-9.035454999999999
-9.77661
-10.475
-10.81908
-11.892759999999999
-12.30846
-13.363175
-13.760015
-14.62752
-15.648019999999999
-16.38888
-16.72919
-18.12106
-18.58745
-11.62833
-11.50125
-10.705960000000001
-9.80197
-9.4361865
-9.160947
-8.257865
-7.966754
-7.201029
-6.904646
-6.405361
-6.211473
-5.622252
-5.533128
-5.089641
-5.037533
-4.66658
-4.639431
-4.3917985
-4.401116999999999
-4.290416
-4.381661
-4.360711
-4.421608
-4.610944
-4.7525615000000005
-4.831456
-5.17166
-5.52023
-5.781381
-6.013208
-6.712915
-6.871525
-7.5271905
-7.904671
-8.515326
-9.053013
-9.411183
-10.38639
-10.76997
-11.4488
-12.34793
-12.93096
-13.79636
-14.56357
-14.98769
-16.09889
-16.572845
-17.70519
-18.18929
-19.22553
-12.09615
-11.81137
-10.86097
-10.526495
-9.777622
-8.885971
-8.884339
-8.12898
-7.651617
-7.3379414999999995
-6.846383
-6.41599
-6.256315
-5.7942105
-5.56493
-5.433634
-5.1667404999999995
-5.013741
-4.88204
-4.916507
-4.7904775
-4.888889
-4.881493
-5.012947
-5.0837465
-5.249798
-5.518774
-5.6415865
-6.0568785
-6.3856605
-6.768428999999999
-7.100071
-7.647831
-8.026923499999999
-8.345114
-8.9828935
-9.4783045
-10.258315
-10.72282
-11.486764999999998
-12.1218
-12.49513
-13.55835
-13.97719
-15.007575
-15.4348
-16.505665
-16.960165000000003
-18.12723
-18.55542
-19.77394
-12.61306
-12.49337
-11.528880000000001
-10.75989
-10.465415
-9.649218999999999
-9.37262
-8.987532
-8.442988
-8.094189
-7.748559
-7.288929
-6.801877
-6.8076205000000005
-6.474214
-6.011812
-6.125442
-5.787111
-5.887817
-5.805141
-5.849439
-5.550593
-5.9207295
-5.967059
-6.196605
-5.959672
-6.6042559999999995
-6.397145
-7.1732569999999996
-6.981591
-7.856787
-7.836541
-8.393120499999998
-8.558781
-9.575712
-9.470481
-10.58935
-10.85439
-11.44812
-11.90921
-12.862925
-13.19035
-14.17128
-14.51641
-15.66598
-16.054895000000002
-17.23103
-17.59512
-18.671895
-19.347215
-20.36752
-13.14637
-13.052904999999999
-11.99749
-11.45269
-10.93769
-10.506070000000001
-10.03849
-9.436446499999999
-8.932306
-8.637777
-8.138015
-7.941955
-7.484029
-7.242284
-7.02678
-6.794968000000001
-6.634123
-6.484341
-6.3519665
-6.321032
-6.2342154999999995
-6.283067
-6.300532
-6.428521
-6.478615
-6.744278
-6.848503
-7.2017
-7.355955
-7.801311999999999
-8.072255
-8.291743499999999
-8.95079
-9.120043
-9.945024
-10.14275
-10.96948
-11.21523
-12.16652
-12.43129
-13.263435
-14.01541
-14.75439
-15.017875
-16.12049
-16.83513
-17.51298
-18.43532
-18.84859
-20.019135
-20.47291
-13.21635
-12.82384
-12.09001
-11.90517
-11.375965
-11.04632
-10.44101
-10.074390000000001
-9.586378
-9.1691395
-8.7599835
-8.537943
-8.279384
-7.982816
-7.738457
-7.28488
-7.255373
-7.061738999999999
-6.936747
-6.98026
-6.856956
-6.982238
-6.957469
-7.119244999999999
-7.187113
-7.425151
-7.359762
-8.1922235
-7.932990500000001
-8.748589
-8.8147385
-9.092666
-9.647893
-10.0093
-10.29085
-11.11143
-11.44806
-12.004415
-12.75343
-13.20251
-13.895725
-14.62081
-15.06184
-16.11188
-16.4905
-17.43476
-17.733145
-18.97764
-19.44804
-20.68906
-21.213859999999997
-13.930119999999999
-13.639865
-12.67236
-12.2159
-11.66968
-11.149
-10.67821
-10.36042
-9.946669
-9.603293
-9.259748
-8.818173999999999
-8.588596
-8.57528
-8.2647795
-8.052126
-7.943366
-7.789676
-7.735847
-7.709556
-7.713816
-7.695144
-7.512881
-7.8987915
-7.818041
-7.911442
-8.556048
-8.401257
-9.164683
-9.227468
-9.702289
-9.988183
-10.54828
-10.86005
-11.08389
-11.97702
-12.21367
-12.733125000000001
-13.42035
-13.97147
-14.32728
-15.14239
-15.981445
-16.66896
-16.92128
-17.91538
-18.902545
-19.36203
-20.47828
-21.182
-22.125865
-14.31206
-13.88474
-13.314045
-12.89735
-12.58287
-12.241769999999999
-11.57781
-11.518375
-10.833995
-10.76845
-10.06943
-10.05129
-9.659279999999999
-9.223122
-9.249701
-9.014682
-8.614191000000002
-8.625104
-8.448549
-8.434464
-8.391209
-8.486817
-8.870755
-8.600260500000001
-8.810569
-8.919847
-9.038069
-9.387162
-9.611228
-10.01159
-10.29033
-10.687625
-11.35267
-11.84966
-12.140645
-12.78927
-13.3573
-14.160815
-14.192274999999999
-15.105715
-15.64127
-16.278475
-16.888795000000002
-17.779745
-18.48405
-18.92984
-20.02297
-20.460825
-21.29372
-22.331895000000003
-23.10426
-15.45922
-15.15842
-14.36348
-13.73406
-13.483270000000001
-12.81436
-12.291640000000001
-12.20158
-11.42955
-11.37508
-10.7427
-10.73486
-10.3108
-10.143485
-10.14592
-9.890316
-9.72595
-9.663691499999999
-9.5319115
-9.6279915
-9.52119
-9.687593
-9.6718245
-9.843527
-9.934039
-10.16258
-10.353415
-10.58965
-10.85358
-11.10442
-11.53131
-11.8232
-12.28676
-12.58304
-13.16758
-13.51184
-14.18769
-14.5616
-15.28885
-15.67484
-16.47802
-16.87435
-17.75422
-18.20318
-19.16881
-19.62263
-20.62164
-21.066145
-22.11883
-22.60105
-23.77354
-16.21999
-15.9391
-15.215175
-14.555125
-14.33931
-13.61217
-13.39916
-12.781414999999999
-12.49734
-12.06957
-11.53375
-11.54815
-11.1587
-10.8924
-10.78965
-10.50611
-10.55154
-10.27377
-10.34705
-10.21684
-10.25479
-10.27714
-10.39561
-10.441130000000001
-10.59122
-10.7905
-11.00931
-11.24563
-11.49224
-11.85594
-12.0522
-12.57891
-12.890855
-13.38381
-13.703109999999999
-14.35344
-14.70401
-15.372599999999998
-15.76117
-16.56866
-16.957140000000003
-17.704185000000003
-18.11601
-19.14366
-19.55992
-20.28444
-21.285135
-21.94225
-22.41604
-23.61166
-24.04496
-16.81584
-16.77364
-15.77434
-15.17227
-15.13738
-14.52885
-13.867275
-13.86805
-13.34106
-12.93798
-12.77412
-12.396055
-12.123525
-12.0107
-11.725635
-11.544274999999999
-11.44991
-11.37226
-11.31816
-11.21955
-11.35934
-11.268765
-11.42184
-11.466705000000001
-11.667005
-11.73404
-12.03992
-12.19683
-12.4317
-12.82372
-13.12454
-13.47135
-13.77642
-14.34027
-14.63757
-15.214875
-15.567834999999999
-16.299065
-16.6549
-17.3295
-17.69441
-18.607165000000002
-19.02656
-19.94767
-20.36045
-21.3319
-21.77581
-22.80408
-23.27093
-24.32768
-24.83124
-17.77698
-17.46673
-16.74512
-16.08973
-15.854645
-15.150655
-14.949625000000001
-14.40504
-14.030850000000001
-13.66052
-13.393585
-13.20731
-12.853925
-12.56485
-12.57518
-12.28311
-12.170425
-12.13991
-12.039735
-12.03406
-12.05078
-12.03054
-12.11669
-12.24184
-12.36015
-12.51696
-12.77436
-12.90434
-13.26201
-13.42776
-13.887255
-14.114895
-14.61442
-15.009155
-15.23106
-15.772645
-16.40182
-16.69573
-17.43737
-18.01469
-18.41908
-19.25275
-19.65581
-20.52225
-20.76972
-21.84816
-22.62839
-23.08313
-24.10665
-24.7043
-25.695295
-18.21809
-18.168309999999998
-17.30025
-16.69838
-16.28624
-15.774329999999999
-15.57949
-15.00216
-14.81935
-14.30157
-14.116520000000001
-13.77874
-13.398959999999999
-13.40188
-13.16107
-12.92309
-12.99542
-12.7439
-12.84327
-12.68449
-12.826834999999999
-12.750225
-12.88385
-12.9045
-13.07562
-13.18299
-13.398365
-13.63042
-13.888725
-14.1878
-14.4694
-14.87582
-15.176745
-15.67686
-15.9817
-16.5206
-16.862
-17.576605
-17.92435
-18.54291
-19.22198
-19.77531
-20.18212
-21.141019999999997
-21.572229999999998
-22.253745000000002
-23.25856
-23.79774
-24.73275
-25.441805000000002
-25.91746
-18.70359
-18.40191
-17.65985
-17.34251
-16.82169
-16.590465000000002
-15.92504
-15.7811
-15.167684999999999
-15.02429
-14.579805
-14.49597
-14.08448
-14.0265
-13.724805
-13.76479
-13.487845
-13.575765
-13.35086
-13.428045000000001
-13.43994
-13.473075000000001
-13.53421
-13.717495
-13.755645
-14.03479
-14.1046
-14.45361
-14.677795
-14.90613
-15.31437
-15.604994999999999
-16.06265
-16.35649
-16.887954999999998
-17.19455
-17.839885
-18.21694
-18.912464999999997
-19.301745
-20.05789
-20.45341
-21.272640000000003
-21.690945
-22.58436
-23.026225
-23.9711
-24.44623
-25.541715
-25.984825
-26.97293
-18.9575
-18.41687
-18.0768
-17.86462
-17.45445
-17.18851
-16.83679
-16.359589999999997
-15.967880000000001
-15.81688
-15.39697
-15.28612
-14.94999
-14.77609
-14.62579
-14.41788
-14.39349
-14.26005
-14.35038
-14.23125
-14.35907
-14.3162
-14.4873
-14.51548
-14.72284
-14.86553
-15.08786
-15.32151
-15.57647
-15.89999
-16.163809999999998
-16.60051
-16.908949999999997
-17.266939999999998
-17.86293
-18.23194
-18.574959999999997
-19.3065
-19.6837
-20.379440000000002
-20.77217
-21.62135
-22.03577
-22.94387
-23.19441
-24.211824999999997
-24.87608
-25.66759
-26.414614999999998
-27.32734
-27.9152
-19.88123
-19.54152
-18.85549
-18.32033
-18.016
-17.67951
-17.23605
-16.92039
-16.43229
-16.27497
-15.94085
-15.70692
-15.512519999999999
-15.31373
-15.23463
-15.048565
-15.04007
-14.85924
-14.94376
-14.83902
-14.85759
-14.95158
-15.04867
-15.06686
-15.29228
-15.38335
-15.700569999999999
-15.83124
-16.207
-16.47481
-16.681485
-17.05734
-17.33328
-17.874544999999998
-18.1834
-18.74398
-19.12251
-19.78177
-20.14651
-20.86828
-21.23258
-22.0717
-22.421660000000003
-23.33671
-23.76307
-24.761685
-25.21449
-26.16396
-26.611725
-27.69329
-28.10935
-20.534185
-20.244149999999998
-19.51245
-19.37553
-18.7013
-18.55643
-17.973515
-17.848545
-17.33472
-17.24355
-16.916175
-16.526345
-16.534795
-16.27846
-16.12211
-16.12192
-15.98732
-15.87721
-15.88405
-15.91622
-15.939865000000001
-15.97692
-16.07808
-16.192520000000002
-16.39842
-16.55916
-16.80579
-17.03532
-17.29227
-17.60893
-17.88942
-18.2969
-18.57002
-19.04027
-19.375790000000002
-19.95597
-20.30749
-20.93494
-21.287509999999997
-22.00129
-22.36555
-23.18191
-23.60193
-24.46287
-24.89144
-25.729365
-26.17944
-27.26622
-27.73365
-28.51592
-29.48908
