[-0.3922, -0.15200000000000002, 138.03, 2, 0.5, 0]
[-0.3887, -0.15200000000000002, 138.03, 2, 0.5, 0]
[-0.3852, -0.15200000000000002, 138.03, 2, 0.5, 0]
[-0.3817, -0.15200000000000002, 138.03, 2, 0.5, 0]
[-0.3782, -0.15200000000000002, 138.03, 2, 0.5, 0]
[-0.3747, -0.15200000000000002, 138.03, 2, 0.5, 0]
[-0.3712, -0.15200000000000002, 138.03, 2, 0.5, 0]
[-0.36769999999999997, -0.15200000000000002, 138.03, 2, 0.5, 0]
[-0.36419999999999997, -0.15200000000000002, 138.03, 2, 0.5, 0]
[-0.36069999999999997, -0.15200000000000002, 138.03, 2, 0.5, 0]
[-0.35719999999999996, -0.15200000000000002, 138.03, 2, 0.5, 0]
[-0.35369999999999996, -0.15200000000000002, 138.03, 2, 0.5, 0]
[-0.35019999999999996, -0.15200000000000002, 138.03, 2, 0.5, 0]
[-0.34669999999999995, -0.15200000000000002, 138.03, 2, 0.5, 0]
[-0.34319999999999995, -0.15200000000000002, 138.03, 2, 0.5, 0]
[-0.33969999999999995, -0.15200000000000002, 138.03, 2, 0.5, 0]
[-0.33619999999999994, -0.15200000000000002, 138.03, 2, 0.5, 0]
[-0.33269999999999994, -0.15200000000000002, 138.03, 2, 0.5, 0]
[-0.32919999999999994, -0.15200000000000002, 138.03, 2, 0.5, 0]
[-0.32569999999999993, -0.15200000000000002, 138.03, 2, 0.5, 0]
[-0.32219999999999993, -0.15200000000000002, 138.03, 2, 0.5, 0]
[-0.31869999999999993, -0.15200000000000002, 138.03, 2, 0.5, 0]
[-0.3151999999999999, -0.15200000000000002, 138.03, 2, 0.5, 0]
[-0.3116999999999999, -0.15200000000000002, 138.03, 2, 0.5, 0]
[-0.3081999999999999, -0.15200000000000002, 138.03, 2, 0.5, 0]
[-0.3046999999999999, -0.15200000000000002, 138.03, 2, 0.5, 0]
[-0.3011999999999999, -0.15200000000000002, 138.03, 2, 0.5, 0]
[-0.2976999999999999, -0.15200000000000002, 138.03, 2, 0.5, 0]
[-0.2941999999999999, -0.15200000000000002, 138.03, 2, 0.5, 0]
[-0.2906999999999999, -0.15200000000000002, 138.03, 2, 0.5, 0]
[-0.2871999999999999, -0.15200000000000002, 138.03, 2, 0.5, 0]
[-0.2836999999999999, -0.15200000000000002, 138.03, 2, 0.5, 0]
[-0.2801999999999999, -0.15200000000000002, 138.03, 2, 0.5, 0]
[-0.2766999999999999, -0.15200000000000002, 138.03, 2, 0.5, 0]
[-0.2731999999999999, -0.15200000000000002, 138.03, 2, 0.5, 0]
[-0.2696999999999999, -0.15200000000000002, 138.03, 2, 0.5, 0]
[-0.2661999999999999, -0.15200000000000002, 138.03, 2, 0.5, 0]
[-0.2626999999999999, -0.15200000000000002, 138.03, 2, 0.5, 0]
[-0.2591999999999999, -0.15200000000000002, 138.03, 2, 0.5, 0]
[-0.25569999999999987, -0.15200000000000002, 138.03, 2, 0.5, 0]
[-0.25219999999999987, -0.15200000000000002, 138.03, 2, 0.5, 0]
[-0.3922, -0.14850000000000002, 138.03, 2, 0.5, 0]
[-0.3887, -0.14850000000000002, 138.03, 2, 0.5, 0]
[-0.3852, -0.14850000000000002, 138.03, 2, 0.5, 0]
[-0.3817, -0.14850000000000002, 138.03, 2, 0.5, 0]
[-0.3782, -0.14850000000000002, 138.03, 2, 0.5, 0]
[-0.3747, -0.14850000000000002, 138.03, 2, 0.5, 0]
[-0.3712, -0.14850000000000002, 138.03, 2, 0.5, 0]
[-0.36769999999999997, -0.14850000000000002, 138.03, 2, 0.5, 0]
[-0.36419999999999997, -0.14850000000000002, 138.03, 2, 0.5, 0]
[-0.36069999999999997, -0.14850000000000002, 138.03, 2, 0.5, 0]
[-0.35719999999999996, -0.14850000000000002, 138.03, 2, 0.5, 0]
[-0.35369999999999996, -0.14850000000000002, 138.03, 2, 0.5, 0]
[-0.35019999999999996, -0.14850000000000002, 138.03, 2, 0.5, 0]
[-0.34669999999999995, -0.14850000000000002, 138.03, 2, 0.5, 0]
[-0.34319999999999995, -0.14850000000000002, 138.03, 2, 0.5, 0]
[-0.33969999999999995, -0.14850000000000002, 138.03, 2, 0.5, 0]
[-0.33619999999999994, -0.14850000000000002, 138.03, 2, 0.5, 0]
[-0.33269999999999994, -0.14850000000000002, 138.03, 2, 0.5, 0]
[-0.32919999999999994, -0.14850000000000002, 138.03, 2, 0.5, 0]
[-0.32569999999999993, -0.14850000000000002, 138.03, 2, 0.5, 0]
[-0.32219999999999993, -0.14850000000000002, 138.03, 2, 0.5, 0]
[-0.31869999999999993, -0.14850000000000002, 138.03, 2, 0.5, 0]
[-0.3151999999999999, -0.14850000000000002, 138.03, 2, 0.5, 0]
[-0.3116999999999999, -0.14850000000000002, 138.03, 2, 0.5, 0]
[-0.3081999999999999, -0.14850000000000002, 138.03, 2, 0.5, 0]
[-0.3046999999999999, -0.14850000000000002, 138.03, 2, 0.5, 0]
[-0.3011999999999999, -0.14850000000000002, 138.03, 2, 0.5, 0]
[-0.2976999999999999, -0.14850000000000002, 138.03, 2, 0.5, 0]
[-0.2941999999999999, -0.14850000000000002, 138.03, 2, 0.5, 0]
[-0.2906999999999999, -0.14850000000000002, 138.03, 2, 0.5, 0]
[-0.2871999999999999, -0.14850000000000002, 138.03, 2, 0.5, 0]
[-0.2836999999999999, -0.14850000000000002, 138.03, 2, 0.5, 0]
[-0.2801999999999999, -0.14850000000000002, 138.03, 2, 0.5, 0]
[-0.2766999999999999, -0.14850000000000002, 138.03, 2, 0.5, 0]
[-0.2731999999999999, -0.14850000000000002, 138.03, 2, 0.5, 0]
[-0.2696999999999999, -0.14850000000000002, 138.03, 2, 0.5, 0]
[-0.2661999999999999, -0.14850000000000002, 138.03, 2, 0.5, 0]
[-0.2626999999999999, -0.14850000000000002, 138.03, 2, 0.5, 0]
[-0.2591999999999999, -0.14850000000000002, 138.03, 2, 0.5, 0]
[-0.25569999999999987, -0.14850000000000002, 138.03, 2, 0.5, 0]
[-0.25219999999999987, -0.14850000000000002, 138.03, 2, 0.5, 0]
[-0.3922, -0.14500000000000002, 138.03, 2, 0.5, 0]
[-0.3887, -0.14500000000000002, 138.03, 2, 0.5, 0]
[-0.3852, -0.14500000000000002, 138.03, 2, 0.5, 0]
[-0.3817, -0.14500000000000002, 138.03, 2, 0.5, 0]
[-0.3782, -0.14500000000000002, 138.03, 2, 0.5, 0]
[-0.3747, -0.14500000000000002, 138.03, 2, 0.5, 0]
[-0.3712, -0.14500000000000002, 138.03, 2, 0.5, 0]
[-0.36769999999999997, -0.14500000000000002, 138.03, 2, 0.5, 0]
[-0.36419999999999997, -0.14500000000000002, 138.03, 2, 0.5, 0]
[-0.36069999999999997, -0.14500000000000002, 138.03, 2, 0.5, 0]
[-0.35719999999999996, -0.14500000000000002, 138.03, 2, 0.5, 0]
[-0.35369999999999996, -0.14500000000000002, 138.03, 2, 0.5, 0]
[-0.35019999999999996, -0.14500000000000002, 138.03, 2, 0.5, 0]
[-0.34669999999999995, -0.14500000000000002, 138.03, 2, 0.5, 0]
[-0.34319999999999995, -0.14500000000000002, 138.03, 2, 0.5, 0]
[-0.33969999999999995, -0.14500000000000002, 138.03, 2, 0.5, 0]
[-0.33619999999999994, -0.14500000000000002, 138.03, 2, 0.5, 0]
[-0.33269999999999994, -0.14500000000000002, 138.03, 2, 0.5, 0]
[-0.32919999999999994, -0.14500000000000002, 138.03, 2, 0.5, 0]
[-0.32569999999999993, -0.14500000000000002, 138.03, 2, 0.5, 0]
[-0.32219999999999993, -0.14500000000000002, 138.03, 2, 0.5, 0]
[-0.31869999999999993, -0.14500000000000002, 138.03, 2, 0.5, 0]
[-0.3151999999999999, -0.14500000000000002, 138.03, 2, 0.5, 0]
[-0.3116999999999999, -0.14500000000000002, 138.03, 2, 0.5, 0]
[-0.3081999999999999, -0.14500000000000002, 138.03, 2, 0.5, 0]
[-0.3046999999999999, -0.14500000000000002, 138.03, 2, 0.5, 0]
[-0.3011999999999999, -0.14500000000000002, 138.03, 2, 0.5, 0]
[-0.2976999999999999, -0.14500000000000002, 138.03, 2, 0.5, 0]
[-0.2941999999999999, -0.14500000000000002, 138.03, 2, 0.5, 0]
[-0.2906999999999999, -0.14500000000000002, 138.03, 2, 0.5, 0]
[-0.2871999999999999, -0.14500000000000002, 138.03, 2, 0.5, 0]
[-0.2836999999999999, -0.14500000000000002, 138.03, 2, 0.5, 0]
[-0.2801999999999999, -0.14500000000000002, 138.03, 2, 0.5, 0]
[-0.2766999999999999, -0.14500000000000002, 138.03, 2, 0.5, 0]
[-0.2731999999999999, -0.14500000000000002, 138.03, 2, 0.5, 0]
[-0.2696999999999999, -0.14500000000000002, 138.03, 2, 0.5, 0]
[-0.2661999999999999, -0.14500000000000002, 138.03, 2, 0.5, 0]
[-0.2626999999999999, -0.14500000000000002, 138.03, 2, 0.5, 0]
[-0.2591999999999999, -0.14500000000000002, 138.03, 2, 0.5, 0]
[-0.25569999999999987, -0.14500000000000002, 138.03, 2, 0.5, 0]
[-0.25219999999999987, -0.14500000000000002, 138.03, 2, 0.5, 0]
[-0.3922, -0.14150000000000001, 138.03, 2, 0.5, 0]
[-0.3887, -0.14150000000000001, 138.03, 2, 0.5, 0]
[-0.3852, -0.14150000000000001, 138.03, 2, 0.5, 0]
[-0.3817, -0.14150000000000001, 138.03, 2, 0.5, 0]
[-0.3782, -0.14150000000000001, 138.03, 2, 0.5, 0]
[-0.3747, -0.14150000000000001, 138.03, 2, 0.5, 0]
[-0.3712, -0.14150000000000001, 138.03, 2, 0.5, 0]
[-0.36769999999999997, -0.14150000000000001, 138.03, 2, 0.5, 0]
[-0.36419999999999997, -0.14150000000000001, 138.03, 2, 0.5, 0]
[-0.36069999999999997, -0.14150000000000001, 138.03, 2, 0.5, 0]
[-0.35719999999999996, -0.14150000000000001, 138.03, 2, 0.5, 0]
[-0.35369999999999996, -0.14150000000000001, 138.03, 2, 0.5, 0]
[-0.35019999999999996, -0.14150000000000001, 138.03, 2, 0.5, 0]
[-0.34669999999999995, -0.14150000000000001, 138.03, 2, 0.5, 0]
[-0.34319999999999995, -0.14150000000000001, 138.03, 2, 0.5, 0]
[-0.33969999999999995, -0.14150000000000001, 138.03, 2, 0.5, 0]
[-0.33619999999999994, -0.14150000000000001, 138.03, 2, 0.5, 0]
[-0.33269999999999994, -0.14150000000000001, 138.03, 2, 0.5, 0]
[-0.32919999999999994, -0.14150000000000001, 138.03, 2, 0.5, 0]
[-0.32569999999999993, -0.14150000000000001, 138.03, 2, 0.5, 0]
[-0.32219999999999993, -0.14150000000000001, 138.03, 2, 0.5, 0]
[-0.31869999999999993, -0.14150000000000001, 138.03, 2, 0.5, 0]
[-0.3151999999999999, -0.14150000000000001, 138.03, 2, 0.5, 0]
[-0.3116999999999999, -0.14150000000000001, 138.03, 2, 0.5, 0]
[-0.3081999999999999, -0.14150000000000001, 138.03, 2, 0.5, 0]
[-0.3046999999999999, -0.14150000000000001, 138.03, 2, 0.5, 0]
[-0.3011999999999999, -0.14150000000000001, 138.03, 2, 0.5, 0]
[-0.2976999999999999, -0.14150000000000001, 138.03, 2, 0.5, 0]
[-0.2941999999999999, -0.14150000000000001, 138.03, 2, 0.5, 0]
[-0.2906999999999999, -0.14150000000000001, 138.03, 2, 0.5, 0]
[-0.2871999999999999, -0.14150000000000001, 138.03, 2, 0.5, 0]
[-0.2836999999999999, -0.14150000000000001, 138.03, 2, 0.5, 0]
[-0.2801999999999999, -0.14150000000000001, 138.03, 2, 0.5, 0]
[-0.2766999999999999, -0.14150000000000001, 138.03, 2, 0.5, 0]
[-0.2731999999999999, -0.14150000000000001, 138.03, 2, 0.5, 0]
[-0.2696999999999999, -0.14150000000000001, 138.03, 2, 0.5, 0]
[-0.2661999999999999, -0.14150000000000001, 138.03, 2, 0.5, 0]
[-0.2626999999999999, -0.14150000000000001, 138.03, 2, 0.5, 0]
[-0.2591999999999999, -0.14150000000000001, 138.03, 2, 0.5, 0]
[-0.25569999999999987, -0.14150000000000001, 138.03, 2, 0.5, 0]
[-0.25219999999999987, -0.14150000000000001, 138.03, 2, 0.5, 0]
[-0.3922, -0.138, 138.03, 2, 0.5, 0]
[-0.3887, -0.138, 138.03, 2, 0.5, 0]
[-0.3852, -0.138, 138.03, 2, 0.5, 0]
[-0.3817, -0.138, 138.03, 2, 0.5, 0]
[-0.3782, -0.138, 138.03, 2, 0.5, 0]
[-0.3747, -0.138, 138.03, 2, 0.5, 0]
[-0.3712, -0.138, 138.03, 2, 0.5, 0]
[-0.36769999999999997, -0.138, 138.03, 2, 0.5, 0]
[-0.36419999999999997, -0.138, 138.03, 2, 0.5, 0]
[-0.36069999999999997, -0.138, 138.03, 2, 0.5, 0]
[-0.35719999999999996, -0.138, 138.03, 2, 0.5, 0]
[-0.35369999999999996, -0.138, 138.03, 2, 0.5, 0]
[-0.35019999999999996, -0.138, 138.03, 2, 0.5, 0]
[-0.34669999999999995, -0.138, 138.03, 2, 0.5, 0]
[-0.34319999999999995, -0.138, 138.03, 2, 0.5, 0]
[-0.33969999999999995, -0.138, 138.03, 2, 0.5, 0]
[-0.33619999999999994, -0.138, 138.03, 2, 0.5, 0]
[-0.33269999999999994, -0.138, 138.03, 2, 0.5, 0]
[-0.32919999999999994, -0.138, 138.03, 2, 0.5, 0]
[-0.32569999999999993, -0.138, 138.03, 2, 0.5, 0]
[-0.32219999999999993, -0.138, 138.03, 2, 0.5, 0]
[-0.31869999999999993, -0.138, 138.03, 2, 0.5, 0]
[-0.3151999999999999, -0.138, 138.03, 2, 0.5, 0]
[-0.3116999999999999, -0.138, 138.03, 2, 0.5, 0]
[-0.3081999999999999, -0.138, 138.03, 2, 0.5, 0]
[-0.3046999999999999, -0.138, 138.03, 2, 0.5, 0]
[-0.3011999999999999, -0.138, 138.03, 2, 0.5, 0]
[-0.2976999999999999, -0.138, 138.03, 2, 0.5, 0]
[-0.2941999999999999, -0.138, 138.03, 2, 0.5, 0]
[-0.2906999999999999, -0.138, 138.03, 2, 0.5, 0]
[-0.2871999999999999, -0.138, 138.03, 2, 0.5, 0]
[-0.2836999999999999, -0.138, 138.03, 2, 0.5, 0]
[-0.2801999999999999, -0.138, 138.03, 2, 0.5, 0]
[-0.2766999999999999, -0.138, 138.03, 2, 0.5, 0]
[-0.2731999999999999, -0.138, 138.03, 2, 0.5, 0]
[-0.2696999999999999, -0.138, 138.03, 2, 0.5, 0]
[-0.2661999999999999, -0.138, 138.03, 2, 0.5, 0]
[-0.2626999999999999, -0.138, 138.03, 2, 0.5, 0]
[-0.2591999999999999, -0.138, 138.03, 2, 0.5, 0]
[-0.25569999999999987, -0.138, 138.03, 2, 0.5, 0]
[-0.25219999999999987, -0.138, 138.03, 2, 0.5, 0]
[-0.3922, -0.1345, 138.03, 2, 0.5, 0]
[-0.3887, -0.1345, 138.03, 2, 0.5, 0]
[-0.3852, -0.1345, 138.03, 2, 0.5, 0]
[-0.3817, -0.1345, 138.03, 2, 0.5, 0]
[-0.3782, -0.1345, 138.03, 2, 0.5, 0]
[-0.3747, -0.1345, 138.03, 2, 0.5, 0]
[-0.3712, -0.1345, 138.03, 2, 0.5, 0]
[-0.36769999999999997, -0.1345, 138.03, 2, 0.5, 0]
[-0.36419999999999997, -0.1345, 138.03, 2, 0.5, 0]
[-0.36069999999999997, -0.1345, 138.03, 2, 0.5, 0]
[-0.35719999999999996, -0.1345, 138.03, 2, 0.5, 0]
[-0.35369999999999996, -0.1345, 138.03, 2, 0.5, 0]
[-0.35019999999999996, -0.1345, 138.03, 2, 0.5, 0]
[-0.34669999999999995, -0.1345, 138.03, 2, 0.5, 0]
[-0.34319999999999995, -0.1345, 138.03, 2, 0.5, 0]
[-0.33969999999999995, -0.1345, 138.03, 2, 0.5, 0]
[-0.33619999999999994, -0.1345, 138.03, 2, 0.5, 0]
[-0.33269999999999994, -0.1345, 138.03, 2, 0.5, 0]
[-0.32919999999999994, -0.1345, 138.03, 2, 0.5, 0]
[-0.32569999999999993, -0.1345, 138.03, 2, 0.5, 0]
[-0.32219999999999993, -0.1345, 138.03, 2, 0.5, 0]
[-0.31869999999999993, -0.1345, 138.03, 2, 0.5, 0]
[-0.3151999999999999, -0.1345, 138.03, 2, 0.5, 0]
[-0.3116999999999999, -0.1345, 138.03, 2, 0.5, 0]
[-0.3081999999999999, -0.1345, 138.03, 2, 0.5, 0]
[-0.3046999999999999, -0.1345, 138.03, 2, 0.5, 0]
[-0.3011999999999999, -0.1345, 138.03, 2, 0.5, 0]
[-0.2976999999999999, -0.1345, 138.03, 2, 0.5, 0]
[-0.2941999999999999, -0.1345, 138.03, 2, 0.5, 0]
[-0.2906999999999999, -0.1345, 138.03, 2, 0.5, 0]
[-0.2871999999999999, -0.1345, 138.03, 2, 0.5, 0]
[-0.2836999999999999, -0.1345, 138.03, 2, 0.5, 0]
[-0.2801999999999999, -0.1345, 138.03, 2, 0.5, 0]
[-0.2766999999999999, -0.1345, 138.03, 2, 0.5, 0]
[-0.2731999999999999, -0.1345, 138.03, 2, 0.5, 0]
[-0.2696999999999999, -0.1345, 138.03, 2, 0.5, 0]
[-0.2661999999999999, -0.1345, 138.03, 2, 0.5, 0]
[-0.2626999999999999, -0.1345, 138.03, 2, 0.5, 0]
[-0.2591999999999999, -0.1345, 138.03, 2, 0.5, 0]
[-0.25569999999999987, -0.1345, 138.03, 2, 0.5, 0]
[-0.25219999999999987, -0.1345, 138.03, 2, 0.5, 0]
[-0.3922, -0.131, 138.03, 2, 0.5, 0]
[-0.3887, -0.131, 138.03, 2, 0.5, 0]
[-0.3852, -0.131, 138.03, 2, 0.5, 0]
[-0.3817, -0.131, 138.03, 2, 0.5, 0]
[-0.3782, -0.131, 138.03, 2, 0.5, 0]
[-0.3747, -0.131, 138.03, 2, 0.5, 0]
[-0.3712, -0.131, 138.03, 2, 0.5, 0]
[-0.36769999999999997, -0.131, 138.03, 2, 0.5, 0]
[-0.36419999999999997, -0.131, 138.03, 2, 0.5, 0]
[-0.36069999999999997, -0.131, 138.03, 2, 0.5, 0]
[-0.35719999999999996, -0.131, 138.03, 2, 0.5, 0]
[-0.35369999999999996, -0.131, 138.03, 2, 0.5, 0]
[-0.35019999999999996, -0.131, 138.03, 2, 0.5, 0]
[-0.34669999999999995, -0.131, 138.03, 2, 0.5, 0]
[-0.34319999999999995, -0.131, 138.03, 2, 0.5, 0]
[-0.33969999999999995, -0.131, 138.03, 2, 0.5, 0]
[-0.33619999999999994, -0.131, 138.03, 2, 0.5, 0]
[-0.33269999999999994, -0.131, 138.03, 2, 0.5, 0]
[-0.32919999999999994, -0.131, 138.03, 2, 0.5, 0]
[-0.32569999999999993, -0.131, 138.03, 2, 0.5, 0]
[-0.32219999999999993, -0.131, 138.03, 2, 0.5, 0]
[-0.31869999999999993, -0.131, 138.03, 2, 0.5, 0]
[-0.3151999999999999, -0.131, 138.03, 2, 0.5, 0]
[-0.3116999999999999, -0.131, 138.03, 2, 0.5, 0]
[-0.3081999999999999, -0.131, 138.03, 2, 0.5, 0]
[-0.3046999999999999, -0.131, 138.03, 2, 0.5, 0]
[-0.3011999999999999, -0.131, 138.03, 2, 0.5, 0]
[-0.2976999999999999, -0.131, 138.03, 2, 0.5, 0]
[-0.2941999999999999, -0.131, 138.03, 2, 0.5, 0]
[-0.2906999999999999, -0.131, 138.03, 2, 0.5, 0]
[-0.2871999999999999, -0.131, 138.03, 2, 0.5, 0]
[-0.2836999999999999, -0.131, 138.03, 2, 0.5, 0]
[-0.2801999999999999, -0.131, 138.03, 2, 0.5, 0]
[-0.2766999999999999, -0.131, 138.03, 2, 0.5, 0]
[-0.2731999999999999, -0.131, 138.03, 2, 0.5, 0]
[-0.2696999999999999, -0.131, 138.03, 2, 0.5, 0]
[-0.2661999999999999, -0.131, 138.03, 2, 0.5, 0]
[-0.2626999999999999, -0.131, 138.03, 2, 0.5, 0]
[-0.2591999999999999, -0.131, 138.03, 2, 0.5, 0]
[-0.25569999999999987, -0.131, 138.03, 2, 0.5, 0]
[-0.25219999999999987, -0.131, 138.03, 2, 0.5, 0]
[-0.3922, -0.1275, 138.03, 2, 0.5, 0]
[-0.3887, -0.1275, 138.03, 2, 0.5, 0]
[-0.3852, -0.1275, 138.03, 2, 0.5, 0]
[-0.3817, -0.1275, 138.03, 2, 0.5, 0]
[-0.3782, -0.1275, 138.03, 2, 0.5, 0]
[-0.3747, -0.1275, 138.03, 2, 0.5, 0]
[-0.3712, -0.1275, 138.03, 2, 0.5, 0]
[-0.36769999999999997, -0.1275, 138.03, 2, 0.5, 0]
[-0.36419999999999997, -0.1275, 138.03, 2, 0.5, 0]
[-0.36069999999999997, -0.1275, 138.03, 2, 0.5, 0]
[-0.35719999999999996, -0.1275, 138.03, 2, 0.5, 0]
[-0.35369999999999996, -0.1275, 138.03, 2, 0.5, 0]
[-0.35019999999999996, -0.1275, 138.03, 2, 0.5, 0]
[-0.34669999999999995, -0.1275, 138.03, 2, 0.5, 0]
[-0.34319999999999995, -0.1275, 138.03, 2, 0.5, 0]
[-0.33969999999999995, -0.1275, 138.03, 2, 0.5, 0]
[-0.33619999999999994, -0.1275, 138.03, 2, 0.5, 0]
[-0.33269999999999994, -0.1275, 138.03, 2, 0.5, 0]
[-0.32919999999999994, -0.1275, 138.03, 2, 0.5, 0]
[-0.32569999999999993, -0.1275, 138.03, 2, 0.5, 0]
[-0.32219999999999993, -0.1275, 138.03, 2, 0.5, 0]
[-0.31869999999999993, -0.1275, 138.03, 2, 0.5, 0]
[-0.3151999999999999, -0.1275, 138.03, 2, 0.5, 0]
[-0.3116999999999999, -0.1275, 138.03, 2, 0.5, 0]
[-0.3081999999999999, -0.1275, 138.03, 2, 0.5, 0]
[-0.3046999999999999, -0.1275, 138.03, 2, 0.5, 0]
[-0.3011999999999999, -0.1275, 138.03, 2, 0.5, 0]
[-0.2976999999999999, -0.1275, 138.03, 2, 0.5, 0]
[-0.2941999999999999, -0.1275, 138.03, 2, 0.5, 0]
[-0.2906999999999999, -0.1275, 138.03, 2, 0.5, 0]
[-0.2871999999999999, -0.1275, 138.03, 2, 0.5, 0]
[-0.2836999999999999, -0.1275, 138.03, 2, 0.5, 0]
[-0.2801999999999999, -0.1275, 138.03, 2, 0.5, 0]
[-0.2766999999999999, -0.1275, 138.03, 2, 0.5, 0]
[-0.2731999999999999, -0.1275, 138.03, 2, 0.5, 0]
[-0.2696999999999999, -0.1275, 138.03, 2, 0.5, 0]
[-0.2661999999999999, -0.1275, 138.03, 2, 0.5, 0]
[-0.2626999999999999, -0.1275, 138.03, 2, 0.5, 0]
[-0.2591999999999999, -0.1275, 138.03, 2, 0.5, 0]
[-0.25569999999999987, -0.1275, 138.03, 2, 0.5, 0]
[-0.25219999999999987, -0.1275, 138.03, 2, 0.5, 0]
[-0.3922, -0.124, 138.03, 2, 0.5, 0]
[-0.3887, -0.124, 138.03, 2, 0.5, 0]
[-0.3852, -0.124, 138.03, 2, 0.5, 0]
[-0.3817, -0.124, 138.03, 2, 0.5, 0]
[-0.3782, -0.124, 138.03, 2, 0.5, 0]
[-0.3747, -0.124, 138.03, 2, 0.5, 0]
[-0.3712, -0.124, 138.03, 2, 0.5, 0]
[-0.36769999999999997, -0.124, 138.03, 2, 0.5, 0]
[-0.36419999999999997, -0.124, 138.03, 2, 0.5, 0]
[-0.36069999999999997, -0.124, 138.03, 2, 0.5, 0]
[-0.35719999999999996, -0.124, 138.03, 2, 0.5, 0]
[-0.35369999999999996, -0.124, 138.03, 2, 0.5, 0]
[-0.35019999999999996, -0.124, 138.03, 2, 0.5, 0]
[-0.34669999999999995, -0.124, 138.03, 2, 0.5, 0]
[-0.34319999999999995, -0.124, 138.03, 2, 0.5, 0]
[-0.33969999999999995, -0.124, 138.03, 2, 0.5, 0]
[-0.33619999999999994, -0.124, 138.03, 2, 0.5, 0]
[-0.33269999999999994, -0.124, 138.03, 2, 0.5, 0]
[-0.32919999999999994, -0.124, 138.03, 2, 0.5, 0]
[-0.32569999999999993, -0.124, 138.03, 2, 0.5, 0]
[-0.32219999999999993, -0.124, 138.03, 2, 0.5, 0]
[-0.31869999999999993, -0.124, 138.03, 2, 0.5, 0]
[-0.3151999999999999, -0.124, 138.03, 2, 0.5, 0]
[-0.3116999999999999, -0.124, 138.03, 2, 0.5, 0]
[-0.3081999999999999, -0.124, 138.03, 2, 0.5, 0]
[-0.3046999999999999, -0.124, 138.03, 2, 0.5, 0]
[-0.3011999999999999, -0.124, 138.03, 2, 0.5, 0]
[-0.2976999999999999, -0.124, 138.03, 2, 0.5, 0]
[-0.2941999999999999, -0.124, 138.03, 2, 0.5, 0]
[-0.2906999999999999, -0.124, 138.03, 2, 0.5, 0]
[-0.2871999999999999, -0.124, 138.03, 2, 0.5, 0]
[-0.2836999999999999, -0.124, 138.03, 2, 0.5, 0]
[-0.2801999999999999, -0.124, 138.03, 2, 0.5, 0]
[-0.2766999999999999, -0.124, 138.03, 2, 0.5, 0]
[-0.2731999999999999, -0.124, 138.03, 2, 0.5, 0]
[-0.2696999999999999, -0.124, 138.03, 2, 0.5, 0]
[-0.2661999999999999, -0.124, 138.03, 2, 0.5, 0]
[-0.2626999999999999, -0.124, 138.03, 2, 0.5, 0]
[-0.2591999999999999, -0.124, 138.03, 2, 0.5, 0]
[-0.25569999999999987, -0.124, 138.03, 2, 0.5, 0]
[-0.25219999999999987, -0.124, 138.03, 2, 0.5, 0]
[-0.3922, -0.1205, 138.03, 2, 0.5, 0]
[-0.3887, -0.1205, 138.03, 2, 0.5, 0]
[-0.3852, -0.1205, 138.03, 2, 0.5, 0]
[-0.3817, -0.1205, 138.03, 2, 0.5, 0]
[-0.3782, -0.1205, 138.03, 2, 0.5, 0]
[-0.3747, -0.1205, 138.03, 2, 0.5, 0]
[-0.3712, -0.1205, 138.03, 2, 0.5, 0]
[-0.36769999999999997, -0.1205, 138.03, 2, 0.5, 0]
[-0.36419999999999997, -0.1205, 138.03, 2, 0.5, 0]
[-0.36069999999999997, -0.1205, 138.03, 2, 0.5, 0]
[-0.35719999999999996, -0.1205, 138.03, 2, 0.5, 0]
[-0.35369999999999996, -0.1205, 138.03, 2, 0.5, 0]
[-0.35019999999999996, -0.1205, 138.03, 2, 0.5, 0]
[-0.34669999999999995, -0.1205, 138.03, 2, 0.5, 0]
[-0.34319999999999995, -0.1205, 138.03, 2, 0.5, 0]
[-0.33969999999999995, -0.1205, 138.03, 2, 0.5, 0]
[-0.33619999999999994, -0.1205, 138.03, 2, 0.5, 0]
[-0.33269999999999994, -0.1205, 138.03, 2, 0.5, 0]
[-0.32919999999999994, -0.1205, 138.03, 2, 0.5, 0]
[-0.32569999999999993, -0.1205, 138.03, 2, 0.5, 0]
[-0.32219999999999993, -0.1205, 138.03, 2, 0.5, 0]
[-0.31869999999999993, -0.1205, 138.03, 2, 0.5, 0]
[-0.3151999999999999, -0.1205, 138.03, 2, 0.5, 0]
[-0.3116999999999999, -0.1205, 138.03, 2, 0.5, 0]
[-0.3081999999999999, -0.1205, 138.03, 2, 0.5, 0]
[-0.3046999999999999, -0.1205, 138.03, 2, 0.5, 0]
[-0.3011999999999999, -0.1205, 138.03, 2, 0.5, 0]
[-0.2976999999999999, -0.1205, 138.03, 2, 0.5, 0]
[-0.2941999999999999, -0.1205, 138.03, 2, 0.5, 0]
[-0.2906999999999999, -0.1205, 138.03, 2, 0.5, 0]
[-0.2871999999999999, -0.1205, 138.03, 2, 0.5, 0]
[-0.2836999999999999, -0.1205, 138.03, 2, 0.5, 0]
[-0.2801999999999999, -0.1205, 138.03, 2, 0.5, 0]
[-0.2766999999999999, -0.1205, 138.03, 2, 0.5, 0]
[-0.2731999999999999, -0.1205, 138.03, 2, 0.5, 0]
[-0.2696999999999999, -0.1205, 138.03, 2, 0.5, 0]
[-0.2661999999999999, -0.1205, 138.03, 2, 0.5, 0]
[-0.2626999999999999, -0.1205, 138.03, 2, 0.5, 0]
[-0.2591999999999999, -0.1205, 138.03, 2, 0.5, 0]
[-0.25569999999999987, -0.1205, 138.03, 2, 0.5, 0]
[-0.25219999999999987, -0.1205, 138.03, 2, 0.5, 0]
[-0.3922, -0.11699999999999999, 138.03, 2, 0.5, 0]
[-0.3887, -0.11699999999999999, 138.03, 2, 0.5, 0]
[-0.3852, -0.11699999999999999, 138.03, 2, 0.5, 0]
[-0.3817, -0.11699999999999999, 138.03, 2, 0.5, 0]
[-0.3782, -0.11699999999999999, 138.03, 2, 0.5, 0]
[-0.3747, -0.11699999999999999, 138.03, 2, 0.5, 0]
[-0.3712, -0.11699999999999999, 138.03, 2, 0.5, 0]
[-0.36769999999999997, -0.11699999999999999, 138.03, 2, 0.5, 0]
[-0.36419999999999997, -0.11699999999999999, 138.03, 2, 0.5, 0]
[-0.36069999999999997, -0.11699999999999999, 138.03, 2, 0.5, 0]
[-0.35719999999999996, -0.11699999999999999, 138.03, 2, 0.5, 0]
[-0.35369999999999996, -0.11699999999999999, 138.03, 2, 0.5, 0]
[-0.35019999999999996, -0.11699999999999999, 138.03, 2, 0.5, 0]
[-0.34669999999999995, -0.11699999999999999, 138.03, 2, 0.5, 0]
[-0.34319999999999995, -0.11699999999999999, 138.03, 2, 0.5, 0]
[-0.33969999999999995, -0.11699999999999999, 138.03, 2, 0.5, 0]
[-0.33619999999999994, -0.11699999999999999, 138.03, 2, 0.5, 0]
[-0.33269999999999994, -0.11699999999999999, 138.03, 2, 0.5, 0]
[-0.32919999999999994, -0.11699999999999999, 138.03, 2, 0.5, 0]
[-0.32569999999999993, -0.11699999999999999, 138.03, 2, 0.5, 0]
[-0.32219999999999993, -0.11699999999999999, 138.03, 2, 0.5, 0]
[-0.31869999999999993, -0.11699999999999999, 138.03, 2, 0.5, 0]
[-0.3151999999999999, -0.11699999999999999, 138.03, 2, 0.5, 0]
[-0.3116999999999999, -0.11699999999999999, 138.03, 2, 0.5, 0]
[-0.3081999999999999, -0.11699999999999999, 138.03, 2, 0.5, 0]
[-0.3046999999999999, -0.11699999999999999, 138.03, 2, 0.5, 0]
[-0.3011999999999999, -0.11699999999999999, 138.03, 2, 0.5, 0]
[-0.2976999999999999, -0.11699999999999999, 138.03, 2, 0.5, 0]
[-0.2941999999999999, -0.11699999999999999, 138.03, 2, 0.5, 0]
[-0.2906999999999999, -0.11699999999999999, 138.03, 2, 0.5, 0]
[-0.2871999999999999, -0.11699999999999999, 138.03, 2, 0.5, 0]
[-0.2836999999999999, -0.11699999999999999, 138.03, 2, 0.5, 0]
[-0.2801999999999999, -0.11699999999999999, 138.03, 2, 0.5, 0]
[-0.2766999999999999, -0.11699999999999999, 138.03, 2, 0.5, 0]
[-0.2731999999999999, -0.11699999999999999, 138.03, 2, 0.5, 0]
[-0.2696999999999999, -0.11699999999999999, 138.03, 2, 0.5, 0]
[-0.2661999999999999, -0.11699999999999999, 138.03, 2, 0.5, 0]
[-0.2626999999999999, -0.11699999999999999, 138.03, 2, 0.5, 0]
[-0.2591999999999999, -0.11699999999999999, 138.03, 2, 0.5, 0]
[-0.25569999999999987, -0.11699999999999999, 138.03, 2, 0.5, 0]
[-0.25219999999999987, -0.11699999999999999, 138.03, 2, 0.5, 0]
[-0.3922, -0.11349999999999999, 138.03, 2, 0.5, 0]
[-0.3887, -0.11349999999999999, 138.03, 2, 0.5, 0]
[-0.3852, -0.11349999999999999, 138.03, 2, 0.5, 0]
[-0.3817, -0.11349999999999999, 138.03, 2, 0.5, 0]
[-0.3782, -0.11349999999999999, 138.03, 2, 0.5, 0]
[-0.3747, -0.11349999999999999, 138.03, 2, 0.5, 0]
[-0.3712, -0.11349999999999999, 138.03, 2, 0.5, 0]
[-0.36769999999999997, -0.11349999999999999, 138.03, 2, 0.5, 0]
[-0.36419999999999997, -0.11349999999999999, 138.03, 2, 0.5, 0]
[-0.36069999999999997, -0.11349999999999999, 138.03, 2, 0.5, 0]
[-0.35719999999999996, -0.11349999999999999, 138.03, 2, 0.5, 0]
[-0.35369999999999996, -0.11349999999999999, 138.03, 2, 0.5, 0]
[-0.35019999999999996, -0.11349999999999999, 138.03, 2, 0.5, 0]
[-0.34669999999999995, -0.11349999999999999, 138.03, 2, 0.5, 0]
[-0.34319999999999995, -0.11349999999999999, 138.03, 2, 0.5, 0]
[-0.33969999999999995, -0.11349999999999999, 138.03, 2, 0.5, 0]
[-0.33619999999999994, -0.11349999999999999, 138.03, 2, 0.5, 0]
[-0.33269999999999994, -0.11349999999999999, 138.03, 2, 0.5, 0]
[-0.32919999999999994, -0.11349999999999999, 138.03, 2, 0.5, 0]
[-0.32569999999999993, -0.11349999999999999, 138.03, 2, 0.5, 0]
[-0.32219999999999993, -0.11349999999999999, 138.03, 2, 0.5, 0]
[-0.31869999999999993, -0.11349999999999999, 138.03, 2, 0.5, 0]
[-0.3151999999999999, -0.11349999999999999, 138.03, 2, 0.5, 0]
[-0.3116999999999999, -0.11349999999999999, 138.03, 2, 0.5, 0]
[-0.3081999999999999, -0.11349999999999999, 138.03, 2, 0.5, 0]
[-0.3046999999999999, -0.11349999999999999, 138.03, 2, 0.5, 0]
[-0.3011999999999999, -0.11349999999999999, 138.03, 2, 0.5, 0]
[-0.2976999999999999, -0.11349999999999999, 138.03, 2, 0.5, 0]
[-0.2941999999999999, -0.11349999999999999, 138.03, 2, 0.5, 0]
[-0.2906999999999999, -0.11349999999999999, 138.03, 2, 0.5, 0]
[-0.2871999999999999, -0.11349999999999999, 138.03, 2, 0.5, 0]
[-0.2836999999999999, -0.11349999999999999, 138.03, 2, 0.5, 0]
[-0.2801999999999999, -0.11349999999999999, 138.03, 2, 0.5, 0]
[-0.2766999999999999, -0.11349999999999999, 138.03, 2, 0.5, 0]
[-0.2731999999999999, -0.11349999999999999, 138.03, 2, 0.5, 0]
[-0.2696999999999999, -0.11349999999999999, 138.03, 2, 0.5, 0]
[-0.2661999999999999, -0.11349999999999999, 138.03, 2, 0.5, 0]
[-0.2626999999999999, -0.11349999999999999, 138.03, 2, 0.5, 0]
[-0.2591999999999999, -0.11349999999999999, 138.03, 2, 0.5, 0]
[-0.25569999999999987, -0.11349999999999999, 138.03, 2, 0.5, 0]
[-0.25219999999999987, -0.11349999999999999, 138.03, 2, 0.5, 0]
[-0.3922, -0.10999999999999999, 138.03, 2, 0.5, 0]
[-0.3887, -0.10999999999999999, 138.03, 2, 0.5, 0]
[-0.3852, -0.10999999999999999, 138.03, 2, 0.5, 0]
[-0.3817, -0.10999999999999999, 138.03, 2, 0.5, 0]
[-0.3782, -0.10999999999999999, 138.03, 2, 0.5, 0]
[-0.3747, -0.10999999999999999, 138.03, 2, 0.5, 0]
[-0.3712, -0.10999999999999999, 138.03, 2, 0.5, 0]
[-0.36769999999999997, -0.10999999999999999, 138.03, 2, 0.5, 0]
[-0.36419999999999997, -0.10999999999999999, 138.03, 2, 0.5, 0]
[-0.36069999999999997, -0.10999999999999999, 138.03, 2, 0.5, 0]
[-0.35719999999999996, -0.10999999999999999, 138.03, 2, 0.5, 0]
[-0.35369999999999996, -0.10999999999999999, 138.03, 2, 0.5, 0]
[-0.35019999999999996, -0.10999999999999999, 138.03, 2, 0.5, 0]
[-0.34669999999999995, -0.10999999999999999, 138.03, 2, 0.5, 0]
[-0.34319999999999995, -0.10999999999999999, 138.03, 2, 0.5, 0]
[-0.33969999999999995, -0.10999999999999999, 138.03, 2, 0.5, 0]
[-0.33619999999999994, -0.10999999999999999, 138.03, 2, 0.5, 0]
[-0.33269999999999994, -0.10999999999999999, 138.03, 2, 0.5, 0]
[-0.32919999999999994, -0.10999999999999999, 138.03, 2, 0.5, 0]
[-0.32569999999999993, -0.10999999999999999, 138.03, 2, 0.5, 0]
[-0.32219999999999993, -0.10999999999999999, 138.03, 2, 0.5, 0]
[-0.31869999999999993, -0.10999999999999999, 138.03, 2, 0.5, 0]
[-0.3151999999999999, -0.10999999999999999, 138.03, 2, 0.5, 0]
[-0.3116999999999999, -0.10999999999999999, 138.03, 2, 0.5, 0]
[-0.3081999999999999, -0.10999999999999999, 138.03, 2, 0.5, 0]
[-0.3046999999999999, -0.10999999999999999, 138.03, 2, 0.5, 0]
[-0.3011999999999999, -0.10999999999999999, 138.03, 2, 0.5, 0]
[-0.2976999999999999, -0.10999999999999999, 138.03, 2, 0.5, 0]
[-0.2941999999999999, -0.10999999999999999, 138.03, 2, 0.5, 0]
[-0.2906999999999999, -0.10999999999999999, 138.03, 2, 0.5, 0]
[-0.2871999999999999, -0.10999999999999999, 138.03, 2, 0.5, 0]
[-0.2836999999999999, -0.10999999999999999, 138.03, 2, 0.5, 0]
[-0.2801999999999999, -0.10999999999999999, 138.03, 2, 0.5, 0]
[-0.2766999999999999, -0.10999999999999999, 138.03, 2, 0.5, 0]
[-0.2731999999999999, -0.10999999999999999, 138.03, 2, 0.5, 0]
[-0.2696999999999999, -0.10999999999999999, 138.03, 2, 0.5, 0]
[-0.2661999999999999, -0.10999999999999999, 138.03, 2, 0.5, 0]
[-0.2626999999999999, -0.10999999999999999, 138.03, 2, 0.5, 0]
[-0.2591999999999999, -0.10999999999999999, 138.03, 2, 0.5, 0]
[-0.25569999999999987, -0.10999999999999999, 138.03, 2, 0.5, 0]
[-0.25219999999999987, -0.10999999999999999, 138.03, 2, 0.5, 0]
[-0.3922, -0.10649999999999998, 138.03, 2, 0.5, 0]
[-0.3887, -0.10649999999999998, 138.03, 2, 0.5, 0]
[-0.3852, -0.10649999999999998, 138.03, 2, 0.5, 0]
[-0.3817, -0.10649999999999998, 138.03, 2, 0.5, 0]
[-0.3782, -0.10649999999999998, 138.03, 2, 0.5, 0]
[-0.3747, -0.10649999999999998, 138.03, 2, 0.5, 0]
[-0.3712, -0.10649999999999998, 138.03, 2, 0.5, 0]
[-0.36769999999999997, -0.10649999999999998, 138.03, 2, 0.5, 0]
[-0.36419999999999997, -0.10649999999999998, 138.03, 2, 0.5, 0]
[-0.36069999999999997, -0.10649999999999998, 138.03, 2, 0.5, 0]
[-0.35719999999999996, -0.10649999999999998, 138.03, 2, 0.5, 0]
[-0.35369999999999996, -0.10649999999999998, 138.03, 2, 0.5, 0]
[-0.35019999999999996, -0.10649999999999998, 138.03, 2, 0.5, 0]
[-0.34669999999999995, -0.10649999999999998, 138.03, 2, 0.5, 0]
[-0.34319999999999995, -0.10649999999999998, 138.03, 2, 0.5, 0]
[-0.33969999999999995, -0.10649999999999998, 138.03, 2, 0.5, 0]
[-0.33619999999999994, -0.10649999999999998, 138.03, 2, 0.5, 0]
[-0.33269999999999994, -0.10649999999999998, 138.03, 2, 0.5, 0]
[-0.32919999999999994, -0.10649999999999998, 138.03, 2, 0.5, 0]
[-0.32569999999999993, -0.10649999999999998, 138.03, 2, 0.5, 0]
[-0.32219999999999993, -0.10649999999999998, 138.03, 2, 0.5, 0]
[-0.31869999999999993, -0.10649999999999998, 138.03, 2, 0.5, 0]
[-0.3151999999999999, -0.10649999999999998, 138.03, 2, 0.5, 0]
[-0.3116999999999999, -0.10649999999999998, 138.03, 2, 0.5, 0]
[-0.3081999999999999, -0.10649999999999998, 138.03, 2, 0.5, 0]
[-0.3046999999999999, -0.10649999999999998, 138.03, 2, 0.5, 0]
[-0.3011999999999999, -0.10649999999999998, 138.03, 2, 0.5, 0]
[-0.2976999999999999, -0.10649999999999998, 138.03, 2, 0.5, 0]
[-0.2941999999999999, -0.10649999999999998, 138.03, 2, 0.5, 0]
[-0.2906999999999999, -0.10649999999999998, 138.03, 2, 0.5, 0]
[-0.2871999999999999, -0.10649999999999998, 138.03, 2, 0.5, 0]
[-0.2836999999999999, -0.10649999999999998, 138.03, 2, 0.5, 0]
[-0.2801999999999999, -0.10649999999999998, 138.03, 2, 0.5, 0]
[-0.2766999999999999, -0.10649999999999998, 138.03, 2, 0.5, 0]
[-0.2731999999999999, -0.10649999999999998, 138.03, 2, 0.5, 0]
[-0.2696999999999999, -0.10649999999999998, 138.03, 2, 0.5, 0]
[-0.2661999999999999, -0.10649999999999998, 138.03, 2, 0.5, 0]
[-0.2626999999999999, -0.10649999999999998, 138.03, 2, 0.5, 0]
[-0.2591999999999999, -0.10649999999999998, 138.03, 2, 0.5, 0]
[-0.25569999999999987, -0.10649999999999998, 138.03, 2, 0.5, 0]
[-0.25219999999999987, -0.10649999999999998, 138.03, 2, 0.5, 0]
[-0.3922, -0.10299999999999998, 138.03, 2, 0.5, 0]
[-0.3887, -0.10299999999999998, 138.03, 2, 0.5, 0]
[-0.3852, -0.10299999999999998, 138.03, 2, 0.5, 0]
[-0.3817, -0.10299999999999998, 138.03, 2, 0.5, 0]
[-0.3782, -0.10299999999999998, 138.03, 2, 0.5, 0]
[-0.3747, -0.10299999999999998, 138.03, 2, 0.5, 0]
[-0.3712, -0.10299999999999998, 138.03, 2, 0.5, 0]
[-0.36769999999999997, -0.10299999999999998, 138.03, 2, 0.5, 0]
[-0.36419999999999997, -0.10299999999999998, 138.03, 2, 0.5, 0]
[-0.36069999999999997, -0.10299999999999998, 138.03, 2, 0.5, 0]
[-0.35719999999999996, -0.10299999999999998, 138.03, 2, 0.5, 0]
[-0.35369999999999996, -0.10299999999999998, 138.03, 2, 0.5, 0]
[-0.35019999999999996, -0.10299999999999998, 138.03, 2, 0.5, 0]
[-0.34669999999999995, -0.10299999999999998, 138.03, 2, 0.5, 0]
[-0.34319999999999995, -0.10299999999999998, 138.03, 2, 0.5, 0]
[-0.33969999999999995, -0.10299999999999998, 138.03, 2, 0.5, 0]
[-0.33619999999999994, -0.10299999999999998, 138.03, 2, 0.5, 0]
[-0.33269999999999994, -0.10299999999999998, 138.03, 2, 0.5, 0]
[-0.32919999999999994, -0.10299999999999998, 138.03, 2, 0.5, 0]
[-0.32569999999999993, -0.10299999999999998, 138.03, 2, 0.5, 0]
[-0.32219999999999993, -0.10299999999999998, 138.03, 2, 0.5, 0]
[-0.31869999999999993, -0.10299999999999998, 138.03, 2, 0.5, 0]
[-0.3151999999999999, -0.10299999999999998, 138.03, 2, 0.5, 0]
[-0.3116999999999999, -0.10299999999999998, 138.03, 2, 0.5, 0]
[-0.3081999999999999, -0.10299999999999998, 138.03, 2, 0.5, 0]
[-0.3046999999999999, -0.10299999999999998, 138.03, 2, 0.5, 0]
[-0.3011999999999999, -0.10299999999999998, 138.03, 2, 0.5, 0]
[-0.2976999999999999, -0.10299999999999998, 138.03, 2, 0.5, 0]
[-0.2941999999999999, -0.10299999999999998, 138.03, 2, 0.5, 0]
[-0.2906999999999999, -0.10299999999999998, 138.03, 2, 0.5, 0]
[-0.2871999999999999, -0.10299999999999998, 138.03, 2, 0.5, 0]
[-0.2836999999999999, -0.10299999999999998, 138.03, 2, 0.5, 0]
[-0.2801999999999999, -0.10299999999999998, 138.03, 2, 0.5, 0]
[-0.2766999999999999, -0.10299999999999998, 138.03, 2, 0.5, 0]
[-0.2731999999999999, -0.10299999999999998, 138.03, 2, 0.5, 0]
[-0.2696999999999999, -0.10299999999999998, 138.03, 2, 0.5, 0]
[-0.2661999999999999, -0.10299999999999998, 138.03, 2, 0.5, 0]
[-0.2626999999999999, -0.10299999999999998, 138.03, 2, 0.5, 0]
[-0.2591999999999999, -0.10299999999999998, 138.03, 2, 0.5, 0]
[-0.25569999999999987, -0.10299999999999998, 138.03, 2, 0.5, 0]
[-0.25219999999999987, -0.10299999999999998, 138.03, 2, 0.5, 0]
[-0.3922, -0.09949999999999998, 138.03, 2, 0.5, 0]
[-0.3887, -0.09949999999999998, 138.03, 2, 0.5, 0]
[-0.3852, -0.09949999999999998, 138.03, 2, 0.5, 0]
[-0.3817, -0.09949999999999998, 138.03, 2, 0.5, 0]
[-0.3782, -0.09949999999999998, 138.03, 2, 0.5, 0]
[-0.3747, -0.09949999999999998, 138.03, 2, 0.5, 0]
[-0.3712, -0.09949999999999998, 138.03, 2, 0.5, 0]
[-0.36769999999999997, -0.09949999999999998, 138.03, 2, 0.5, 0]
[-0.36419999999999997, -0.09949999999999998, 138.03, 2, 0.5, 0]
[-0.36069999999999997, -0.09949999999999998, 138.03, 2, 0.5, 0]
[-0.35719999999999996, -0.09949999999999998, 138.03, 2, 0.5, 0]
[-0.35369999999999996, -0.09949999999999998, 138.03, 2, 0.5, 0]
[-0.35019999999999996, -0.09949999999999998, 138.03, 2, 0.5, 0]
[-0.34669999999999995, -0.09949999999999998, 138.03, 2, 0.5, 0]
[-0.34319999999999995, -0.09949999999999998, 138.03, 2, 0.5, 0]
[-0.33969999999999995, -0.09949999999999998, 138.03, 2, 0.5, 0]
[-0.33619999999999994, -0.09949999999999998, 138.03, 2, 0.5, 0]
[-0.33269999999999994, -0.09949999999999998, 138.03, 2, 0.5, 0]
[-0.32919999999999994, -0.09949999999999998, 138.03, 2, 0.5, 0]
[-0.32569999999999993, -0.09949999999999998, 138.03, 2, 0.5, 0]
[-0.32219999999999993, -0.09949999999999998, 138.03, 2, 0.5, 0]
[-0.31869999999999993, -0.09949999999999998, 138.03, 2, 0.5, 0]
[-0.3151999999999999, -0.09949999999999998, 138.03, 2, 0.5, 0]
[-0.3116999999999999, -0.09949999999999998, 138.03, 2, 0.5, 0]
[-0.3081999999999999, -0.09949999999999998, 138.03, 2, 0.5, 0]
[-0.3046999999999999, -0.09949999999999998, 138.03, 2, 0.5, 0]
[-0.3011999999999999, -0.09949999999999998, 138.03, 2, 0.5, 0]
[-0.2976999999999999, -0.09949999999999998, 138.03, 2, 0.5, 0]
[-0.2941999999999999, -0.09949999999999998, 138.03, 2, 0.5, 0]
[-0.2906999999999999, -0.09949999999999998, 138.03, 2, 0.5, 0]
[-0.2871999999999999, -0.09949999999999998, 138.03, 2, 0.5, 0]
[-0.2836999999999999, -0.09949999999999998, 138.03, 2, 0.5, 0]
[-0.2801999999999999, -0.09949999999999998, 138.03, 2, 0.5, 0]
[-0.2766999999999999, -0.09949999999999998, 138.03, 2, 0.5, 0]
[-0.2731999999999999, -0.09949999999999998, 138.03, 2, 0.5, 0]
[-0.2696999999999999, -0.09949999999999998, 138.03, 2, 0.5, 0]
[-0.2661999999999999, -0.09949999999999998, 138.03, 2, 0.5, 0]
[-0.2626999999999999, -0.09949999999999998, 138.03, 2, 0.5, 0]
[-0.2591999999999999, -0.09949999999999998, 138.03, 2, 0.5, 0]
[-0.25569999999999987, -0.09949999999999998, 138.03, 2, 0.5, 0]
[-0.25219999999999987, -0.09949999999999998, 138.03, 2, 0.5, 0]
[-0.3922, -0.09599999999999997, 138.03, 2, 0.5, 0]
[-0.3887, -0.09599999999999997, 138.03, 2, 0.5, 0]
[-0.3852, -0.09599999999999997, 138.03, 2, 0.5, 0]
[-0.3817, -0.09599999999999997, 138.03, 2, 0.5, 0]
[-0.3782, -0.09599999999999997, 138.03, 2, 0.5, 0]
[-0.3747, -0.09599999999999997, 138.03, 2, 0.5, 0]
[-0.3712, -0.09599999999999997, 138.03, 2, 0.5, 0]
[-0.36769999999999997, -0.09599999999999997, 138.03, 2, 0.5, 0]
[-0.36419999999999997, -0.09599999999999997, 138.03, 2, 0.5, 0]
[-0.36069999999999997, -0.09599999999999997, 138.03, 2, 0.5, 0]
[-0.35719999999999996, -0.09599999999999997, 138.03, 2, 0.5, 0]
[-0.35369999999999996, -0.09599999999999997, 138.03, 2, 0.5, 0]
[-0.35019999999999996, -0.09599999999999997, 138.03, 2, 0.5, 0]
[-0.34669999999999995, -0.09599999999999997, 138.03, 2, 0.5, 0]
[-0.34319999999999995, -0.09599999999999997, 138.03, 2, 0.5, 0]
[-0.33969999999999995, -0.09599999999999997, 138.03, 2, 0.5, 0]
[-0.33619999999999994, -0.09599999999999997, 138.03, 2, 0.5, 0]
[-0.33269999999999994, -0.09599999999999997, 138.03, 2, 0.5, 0]
[-0.32919999999999994, -0.09599999999999997, 138.03, 2, 0.5, 0]
[-0.32569999999999993, -0.09599999999999997, 138.03, 2, 0.5, 0]
[-0.32219999999999993, -0.09599999999999997, 138.03, 2, 0.5, 0]
[-0.31869999999999993, -0.09599999999999997, 138.03, 2, 0.5, 0]
[-0.3151999999999999, -0.09599999999999997, 138.03, 2, 0.5, 0]
[-0.3116999999999999, -0.09599999999999997, 138.03, 2, 0.5, 0]
[-0.3081999999999999, -0.09599999999999997, 138.03, 2, 0.5, 0]
[-0.3046999999999999, -0.09599999999999997, 138.03, 2, 0.5, 0]
[-0.3011999999999999, -0.09599999999999997, 138.03, 2, 0.5, 0]
[-0.2976999999999999, -0.09599999999999997, 138.03, 2, 0.5, 0]
[-0.2941999999999999, -0.09599999999999997, 138.03, 2, 0.5, 0]
[-0.2906999999999999, -0.09599999999999997, 138.03, 2, 0.5, 0]
[-0.2871999999999999, -0.09599999999999997, 138.03, 2, 0.5, 0]
[-0.2836999999999999, -0.09599999999999997, 138.03, 2, 0.5, 0]
[-0.2801999999999999, -0.09599999999999997, 138.03, 2, 0.5, 0]
[-0.2766999999999999, -0.09599999999999997, 138.03, 2, 0.5, 0]
[-0.2731999999999999, -0.09599999999999997, 138.03, 2, 0.5, 0]
[-0.2696999999999999, -0.09599999999999997, 138.03, 2, 0.5, 0]
[-0.2661999999999999, -0.09599999999999997, 138.03, 2, 0.5, 0]
[-0.2626999999999999, -0.09599999999999997, 138.03, 2, 0.5, 0]
[-0.2591999999999999, -0.09599999999999997, 138.03, 2, 0.5, 0]
[-0.25569999999999987, -0.09599999999999997, 138.03, 2, 0.5, 0]
[-0.25219999999999987, -0.09599999999999997, 138.03, 2, 0.5, 0]
[-0.3922, -0.09249999999999997, 138.03, 2, 0.5, 0]
[-0.3887, -0.09249999999999997, 138.03, 2, 0.5, 0]
[-0.3852, -0.09249999999999997, 138.03, 2, 0.5, 0]
[-0.3817, -0.09249999999999997, 138.03, 2, 0.5, 0]
[-0.3782, -0.09249999999999997, 138.03, 2, 0.5, 0]
[-0.3747, -0.09249999999999997, 138.03, 2, 0.5, 0]
[-0.3712, -0.09249999999999997, 138.03, 2, 0.5, 0]
[-0.36769999999999997, -0.09249999999999997, 138.03, 2, 0.5, 0]
[-0.36419999999999997, -0.09249999999999997, 138.03, 2, 0.5, 0]
[-0.36069999999999997, -0.09249999999999997, 138.03, 2, 0.5, 0]
[-0.35719999999999996, -0.09249999999999997, 138.03, 2, 0.5, 0]
[-0.35369999999999996, -0.09249999999999997, 138.03, 2, 0.5, 0]
[-0.35019999999999996, -0.09249999999999997, 138.03, 2, 0.5, 0]
[-0.34669999999999995, -0.09249999999999997, 138.03, 2, 0.5, 0]
[-0.34319999999999995, -0.09249999999999997, 138.03, 2, 0.5, 0]
[-0.33969999999999995, -0.09249999999999997, 138.03, 2, 0.5, 0]
[-0.33619999999999994, -0.09249999999999997, 138.03, 2, 0.5, 0]
[-0.33269999999999994, -0.09249999999999997, 138.03, 2, 0.5, 0]
[-0.32919999999999994, -0.09249999999999997, 138.03, 2, 0.5, 0]
[-0.32569999999999993, -0.09249999999999997, 138.03, 2, 0.5, 0]
[-0.32219999999999993, -0.09249999999999997, 138.03, 2, 0.5, 0]
[-0.31869999999999993, -0.09249999999999997, 138.03, 2, 0.5, 0]
[-0.3151999999999999, -0.09249999999999997, 138.03, 2, 0.5, 0]
[-0.3116999999999999, -0.09249999999999997, 138.03, 2, 0.5, 0]
[-0.3081999999999999, -0.09249999999999997, 138.03, 2, 0.5, 0]
[-0.3046999999999999, -0.09249999999999997, 138.03, 2, 0.5, 0]
[-0.3011999999999999, -0.09249999999999997, 138.03, 2, 0.5, 0]
[-0.2976999999999999, -0.09249999999999997, 138.03, 2, 0.5, 0]
[-0.2941999999999999, -0.09249999999999997, 138.03, 2, 0.5, 0]
[-0.2906999999999999, -0.09249999999999997, 138.03, 2, 0.5, 0]
[-0.2871999999999999, -0.09249999999999997, 138.03, 2, 0.5, 0]
[-0.2836999999999999, -0.09249999999999997, 138.03, 2, 0.5, 0]
[-0.2801999999999999, -0.09249999999999997, 138.03, 2, 0.5, 0]
[-0.2766999999999999, -0.09249999999999997, 138.03, 2, 0.5, 0]
[-0.2731999999999999, -0.09249999999999997, 138.03, 2, 0.5, 0]
[-0.2696999999999999, -0.09249999999999997, 138.03, 2, 0.5, 0]
[-0.2661999999999999, -0.09249999999999997, 138.03, 2, 0.5, 0]
[-0.2626999999999999, -0.09249999999999997, 138.03, 2, 0.5, 0]
[-0.2591999999999999, -0.09249999999999997, 138.03, 2, 0.5, 0]
[-0.25569999999999987, -0.09249999999999997, 138.03, 2, 0.5, 0]
[-0.25219999999999987, -0.09249999999999997, 138.03, 2, 0.5, 0]
[-0.3922, -0.08899999999999997, 138.03, 2, 0.5, 0]
[-0.3887, -0.08899999999999997, 138.03, 2, 0.5, 0]
[-0.3852, -0.08899999999999997, 138.03, 2, 0.5, 0]
[-0.3817, -0.08899999999999997, 138.03, 2, 0.5, 0]
[-0.3782, -0.08899999999999997, 138.03, 2, 0.5, 0]
[-0.3747, -0.08899999999999997, 138.03, 2, 0.5, 0]
[-0.3712, -0.08899999999999997, 138.03, 2, 0.5, 0]
[-0.36769999999999997, -0.08899999999999997, 138.03, 2, 0.5, 0]
[-0.36419999999999997, -0.08899999999999997, 138.03, 2, 0.5, 0]
[-0.36069999999999997, -0.08899999999999997, 138.03, 2, 0.5, 0]
[-0.35719999999999996, -0.08899999999999997, 138.03, 2, 0.5, 0]
[-0.35369999999999996, -0.08899999999999997, 138.03, 2, 0.5, 0]
[-0.35019999999999996, -0.08899999999999997, 138.03, 2, 0.5, 0]
[-0.34669999999999995, -0.08899999999999997, 138.03, 2, 0.5, 0]
[-0.34319999999999995, -0.08899999999999997, 138.03, 2, 0.5, 0]
[-0.33969999999999995, -0.08899999999999997, 138.03, 2, 0.5, 0]
[-0.33619999999999994, -0.08899999999999997, 138.03, 2, 0.5, 0]
[-0.33269999999999994, -0.08899999999999997, 138.03, 2, 0.5, 0]
[-0.32919999999999994, -0.08899999999999997, 138.03, 2, 0.5, 0]
[-0.32569999999999993, -0.08899999999999997, 138.03, 2, 0.5, 0]
[-0.32219999999999993, -0.08899999999999997, 138.03, 2, 0.5, 0]
[-0.31869999999999993, -0.08899999999999997, 138.03, 2, 0.5, 0]
[-0.3151999999999999, -0.08899999999999997, 138.03, 2, 0.5, 0]
[-0.3116999999999999, -0.08899999999999997, 138.03, 2, 0.5, 0]
[-0.3081999999999999, -0.08899999999999997, 138.03, 2, 0.5, 0]
[-0.3046999999999999, -0.08899999999999997, 138.03, 2, 0.5, 0]
[-0.3011999999999999, -0.08899999999999997, 138.03, 2, 0.5, 0]
[-0.2976999999999999, -0.08899999999999997, 138.03, 2, 0.5, 0]
[-0.2941999999999999, -0.08899999999999997, 138.03, 2, 0.5, 0]
[-0.2906999999999999, -0.08899999999999997, 138.03, 2, 0.5, 0]
[-0.2871999999999999, -0.08899999999999997, 138.03, 2, 0.5, 0]
[-0.2836999999999999, -0.08899999999999997, 138.03, 2, 0.5, 0]
[-0.2801999999999999, -0.08899999999999997, 138.03, 2, 0.5, 0]
[-0.2766999999999999, -0.08899999999999997, 138.03, 2, 0.5, 0]
[-0.2731999999999999, -0.08899999999999997, 138.03, 2, 0.5, 0]
[-0.2696999999999999, -0.08899999999999997, 138.03, 2, 0.5, 0]
[-0.2661999999999999, -0.08899999999999997, 138.03, 2, 0.5, 0]
[-0.2626999999999999, -0.08899999999999997, 138.03, 2, 0.5, 0]
[-0.2591999999999999, -0.08899999999999997, 138.03, 2, 0.5, 0]
[-0.25569999999999987, -0.08899999999999997, 138.03, 2, 0.5, 0]
[-0.25219999999999987, -0.08899999999999997, 138.03, 2, 0.5, 0]
[-0.3922, -0.08549999999999996, 138.03, 2, 0.5, 0]
[-0.3887, -0.08549999999999996, 138.03, 2, 0.5, 0]
[-0.3852, -0.08549999999999996, 138.03, 2, 0.5, 0]
[-0.3817, -0.08549999999999996, 138.03, 2, 0.5, 0]
[-0.3782, -0.08549999999999996, 138.03, 2, 0.5, 0]
[-0.3747, -0.08549999999999996, 138.03, 2, 0.5, 0]
[-0.3712, -0.08549999999999996, 138.03, 2, 0.5, 0]
[-0.36769999999999997, -0.08549999999999996, 138.03, 2, 0.5, 0]
[-0.36419999999999997, -0.08549999999999996, 138.03, 2, 0.5, 0]
[-0.36069999999999997, -0.08549999999999996, 138.03, 2, 0.5, 0]
[-0.35719999999999996, -0.08549999999999996, 138.03, 2, 0.5, 0]
[-0.35369999999999996, -0.08549999999999996, 138.03, 2, 0.5, 0]
[-0.35019999999999996, -0.08549999999999996, 138.03, 2, 0.5, 0]
[-0.34669999999999995, -0.08549999999999996, 138.03, 2, 0.5, 0]
[-0.34319999999999995, -0.08549999999999996, 138.03, 2, 0.5, 0]
[-0.33969999999999995, -0.08549999999999996, 138.03, 2, 0.5, 0]
[-0.33619999999999994, -0.08549999999999996, 138.03, 2, 0.5, 0]
[-0.33269999999999994, -0.08549999999999996, 138.03, 2, 0.5, 0]
[-0.32919999999999994, -0.08549999999999996, 138.03, 2, 0.5, 0]
[-0.32569999999999993, -0.08549999999999996, 138.03, 2, 0.5, 0]
[-0.32219999999999993, -0.08549999999999996, 138.03, 2, 0.5, 0]
[-0.31869999999999993, -0.08549999999999996, 138.03, 2, 0.5, 0]
[-0.3151999999999999, -0.08549999999999996, 138.03, 2, 0.5, 0]
[-0.3116999999999999, -0.08549999999999996, 138.03, 2, 0.5, 0]
[-0.3081999999999999, -0.08549999999999996, 138.03, 2, 0.5, 0]
[-0.3046999999999999, -0.08549999999999996, 138.03, 2, 0.5, 0]
[-0.3011999999999999, -0.08549999999999996, 138.03, 2, 0.5, 0]
[-0.2976999999999999, -0.08549999999999996, 138.03, 2, 0.5, 0]
[-0.2941999999999999, -0.08549999999999996, 138.03, 2, 0.5, 0]
[-0.2906999999999999, -0.08549999999999996, 138.03, 2, 0.5, 0]
[-0.2871999999999999, -0.08549999999999996, 138.03, 2, 0.5, 0]
[-0.2836999999999999, -0.08549999999999996, 138.03, 2, 0.5, 0]
[-0.2801999999999999, -0.08549999999999996, 138.03, 2, 0.5, 0]
[-0.2766999999999999, -0.08549999999999996, 138.03, 2, 0.5, 0]
[-0.2731999999999999, -0.08549999999999996, 138.03, 2, 0.5, 0]
[-0.2696999999999999, -0.08549999999999996, 138.03, 2, 0.5, 0]
[-0.2661999999999999, -0.08549999999999996, 138.03, 2, 0.5, 0]
[-0.2626999999999999, -0.08549999999999996, 138.03, 2, 0.5, 0]
[-0.2591999999999999, -0.08549999999999996, 138.03, 2, 0.5, 0]
[-0.25569999999999987, -0.08549999999999996, 138.03, 2, 0.5, 0]
[-0.25219999999999987, -0.08549999999999996, 138.03, 2, 0.5, 0]
[-0.3922, -0.08199999999999996, 138.03, 2, 0.5, 0]
[-0.3887, -0.08199999999999996, 138.03, 2, 0.5, 0]
[-0.3852, -0.08199999999999996, 138.03, 2, 0.5, 0]
[-0.3817, -0.08199999999999996, 138.03, 2, 0.5, 0]
[-0.3782, -0.08199999999999996, 138.03, 2, 0.5, 0]
[-0.3747, -0.08199999999999996, 138.03, 2, 0.5, 0]
[-0.3712, -0.08199999999999996, 138.03, 2, 0.5, 0]
[-0.36769999999999997, -0.08199999999999996, 138.03, 2, 0.5, 0]
[-0.36419999999999997, -0.08199999999999996, 138.03, 2, 0.5, 0]
[-0.36069999999999997, -0.08199999999999996, 138.03, 2, 0.5, 0]
[-0.35719999999999996, -0.08199999999999996, 138.03, 2, 0.5, 0]
[-0.35369999999999996, -0.08199999999999996, 138.03, 2, 0.5, 0]
[-0.35019999999999996, -0.08199999999999996, 138.03, 2, 0.5, 0]
[-0.34669999999999995, -0.08199999999999996, 138.03, 2, 0.5, 0]
[-0.34319999999999995, -0.08199999999999996, 138.03, 2, 0.5, 0]
[-0.33969999999999995, -0.08199999999999996, 138.03, 2, 0.5, 0]
[-0.33619999999999994, -0.08199999999999996, 138.03, 2, 0.5, 0]
[-0.33269999999999994, -0.08199999999999996, 138.03, 2, 0.5, 0]
[-0.32919999999999994, -0.08199999999999996, 138.03, 2, 0.5, 0]
[-0.32569999999999993, -0.08199999999999996, 138.03, 2, 0.5, 0]
[-0.32219999999999993, -0.08199999999999996, 138.03, 2, 0.5, 0]
[-0.31869999999999993, -0.08199999999999996, 138.03, 2, 0.5, 0]
[-0.3151999999999999, -0.08199999999999996, 138.03, 2, 0.5, 0]
[-0.3116999999999999, -0.08199999999999996, 138.03, 2, 0.5, 0]
[-0.3081999999999999, -0.08199999999999996, 138.03, 2, 0.5, 0]
[-0.3046999999999999, -0.08199999999999996, 138.03, 2, 0.5, 0]
[-0.3011999999999999, -0.08199999999999996, 138.03, 2, 0.5, 0]
[-0.2976999999999999, -0.08199999999999996, 138.03, 2, 0.5, 0]
[-0.2941999999999999, -0.08199999999999996, 138.03, 2, 0.5, 0]
[-0.2906999999999999, -0.08199999999999996, 138.03, 2, 0.5, 0]
[-0.2871999999999999, -0.08199999999999996, 138.03, 2, 0.5, 0]
[-0.2836999999999999, -0.08199999999999996, 138.03, 2, 0.5, 0]
[-0.2801999999999999, -0.08199999999999996, 138.03, 2, 0.5, 0]
[-0.2766999999999999, -0.08199999999999996, 138.03, 2, 0.5, 0]
[-0.2731999999999999, -0.08199999999999996, 138.03, 2, 0.5, 0]
[-0.2696999999999999, -0.08199999999999996, 138.03, 2, 0.5, 0]
[-0.2661999999999999, -0.08199999999999996, 138.03, 2, 0.5, 0]
[-0.2626999999999999, -0.08199999999999996, 138.03, 2, 0.5, 0]
[-0.2591999999999999, -0.08199999999999996, 138.03, 2, 0.5, 0]
[-0.25569999999999987, -0.08199999999999996, 138.03, 2, 0.5, 0]
[-0.25219999999999987, -0.08199999999999996, 138.03, 2, 0.5, 0]
[-0.3922, -0.07849999999999996, 138.03, 2, 0.5, 0]
[-0.3887, -0.07849999999999996, 138.03, 2, 0.5, 0]
[-0.3852, -0.07849999999999996, 138.03, 2, 0.5, 0]
[-0.3817, -0.07849999999999996, 138.03, 2, 0.5, 0]
[-0.3782, -0.07849999999999996, 138.03, 2, 0.5, 0]
[-0.3747, -0.07849999999999996, 138.03, 2, 0.5, 0]
[-0.3712, -0.07849999999999996, 138.03, 2, 0.5, 0]
[-0.36769999999999997, -0.07849999999999996, 138.03, 2, 0.5, 0]
[-0.36419999999999997, -0.07849999999999996, 138.03, 2, 0.5, 0]
[-0.36069999999999997, -0.07849999999999996, 138.03, 2, 0.5, 0]
[-0.35719999999999996, -0.07849999999999996, 138.03, 2, 0.5, 0]
[-0.35369999999999996, -0.07849999999999996, 138.03, 2, 0.5, 0]
[-0.35019999999999996, -0.07849999999999996, 138.03, 2, 0.5, 0]
[-0.34669999999999995, -0.07849999999999996, 138.03, 2, 0.5, 0]
[-0.34319999999999995, -0.07849999999999996, 138.03, 2, 0.5, 0]
[-0.33969999999999995, -0.07849999999999996, 138.03, 2, 0.5, 0]
[-0.33619999999999994, -0.07849999999999996, 138.03, 2, 0.5, 0]
[-0.33269999999999994, -0.07849999999999996, 138.03, 2, 0.5, 0]
[-0.32919999999999994, -0.07849999999999996, 138.03, 2, 0.5, 0]
[-0.32569999999999993, -0.07849999999999996, 138.03, 2, 0.5, 0]
[-0.32219999999999993, -0.07849999999999996, 138.03, 2, 0.5, 0]
[-0.31869999999999993, -0.07849999999999996, 138.03, 2, 0.5, 0]
[-0.3151999999999999, -0.07849999999999996, 138.03, 2, 0.5, 0]
[-0.3116999999999999, -0.07849999999999996, 138.03, 2, 0.5, 0]
[-0.3081999999999999, -0.07849999999999996, 138.03, 2, 0.5, 0]
[-0.3046999999999999, -0.07849999999999996, 138.03, 2, 0.5, 0]
[-0.3011999999999999, -0.07849999999999996, 138.03, 2, 0.5, 0]
[-0.2976999999999999, -0.07849999999999996, 138.03, 2, 0.5, 0]
[-0.2941999999999999, -0.07849999999999996, 138.03, 2, 0.5, 0]
[-0.2906999999999999, -0.07849999999999996, 138.03, 2, 0.5, 0]
[-0.2871999999999999, -0.07849999999999996, 138.03, 2, 0.5, 0]
[-0.2836999999999999, -0.07849999999999996, 138.03, 2, 0.5, 0]
[-0.2801999999999999, -0.07849999999999996, 138.03, 2, 0.5, 0]
[-0.2766999999999999, -0.07849999999999996, 138.03, 2, 0.5, 0]
[-0.2731999999999999, -0.07849999999999996, 138.03, 2, 0.5, 0]
[-0.2696999999999999, -0.07849999999999996, 138.03, 2, 0.5, 0]
[-0.2661999999999999, -0.07849999999999996, 138.03, 2, 0.5, 0]
[-0.2626999999999999, -0.07849999999999996, 138.03, 2, 0.5, 0]
[-0.2591999999999999, -0.07849999999999996, 138.03, 2, 0.5, 0]
[-0.25569999999999987, -0.07849999999999996, 138.03, 2, 0.5, 0]
[-0.25219999999999987, -0.07849999999999996, 138.03, 2, 0.5, 0]
[-0.3922, -0.07499999999999996, 138.03, 2, 0.5, 0]
[-0.3887, -0.07499999999999996, 138.03, 2, 0.5, 0]
[-0.3852, -0.07499999999999996, 138.03, 2, 0.5, 0]
[-0.3817, -0.07499999999999996, 138.03, 2, 0.5, 0]
[-0.3782, -0.07499999999999996, 138.03, 2, 0.5, 0]
[-0.3747, -0.07499999999999996, 138.03, 2, 0.5, 0]
[-0.3712, -0.07499999999999996, 138.03, 2, 0.5, 0]
[-0.36769999999999997, -0.07499999999999996, 138.03, 2, 0.5, 0]
[-0.36419999999999997, -0.07499999999999996, 138.03, 2, 0.5, 0]
[-0.36069999999999997, -0.07499999999999996, 138.03, 2, 0.5, 0]
[-0.35719999999999996, -0.07499999999999996, 138.03, 2, 0.5, 0]
[-0.35369999999999996, -0.07499999999999996, 138.03, 2, 0.5, 0]
[-0.35019999999999996, -0.07499999999999996, 138.03, 2, 0.5, 0]
[-0.34669999999999995, -0.07499999999999996, 138.03, 2, 0.5, 0]
[-0.34319999999999995, -0.07499999999999996, 138.03, 2, 0.5, 0]
[-0.33969999999999995, -0.07499999999999996, 138.03, 2, 0.5, 0]
[-0.33619999999999994, -0.07499999999999996, 138.03, 2, 0.5, 0]
[-0.33269999999999994, -0.07499999999999996, 138.03, 2, 0.5, 0]
[-0.32919999999999994, -0.07499999999999996, 138.03, 2, 0.5, 0]
[-0.32569999999999993, -0.07499999999999996, 138.03, 2, 0.5, 0]
[-0.32219999999999993, -0.07499999999999996, 138.03, 2, 0.5, 0]
[-0.31869999999999993, -0.07499999999999996, 138.03, 2, 0.5, 0]
[-0.3151999999999999, -0.07499999999999996, 138.03, 2, 0.5, 0]
[-0.3116999999999999, -0.07499999999999996, 138.03, 2, 0.5, 0]
[-0.3081999999999999, -0.07499999999999996, 138.03, 2, 0.5, 0]
[-0.3046999999999999, -0.07499999999999996, 138.03, 2, 0.5, 0]
[-0.3011999999999999, -0.07499999999999996, 138.03, 2, 0.5, 0]
[-0.2976999999999999, -0.07499999999999996, 138.03, 2, 0.5, 0]
[-0.2941999999999999, -0.07499999999999996, 138.03, 2, 0.5, 0]
[-0.2906999999999999, -0.07499999999999996, 138.03, 2, 0.5, 0]
[-0.2871999999999999, -0.07499999999999996, 138.03, 2, 0.5, 0]
[-0.2836999999999999, -0.07499999999999996, 138.03, 2, 0.5, 0]
[-0.2801999999999999, -0.07499999999999996, 138.03, 2, 0.5, 0]
[-0.2766999999999999, -0.07499999999999996, 138.03, 2, 0.5, 0]
[-0.2731999999999999, -0.07499999999999996, 138.03, 2, 0.5, 0]
[-0.2696999999999999, -0.07499999999999996, 138.03, 2, 0.5, 0]
[-0.2661999999999999, -0.07499999999999996, 138.03, 2, 0.5, 0]
[-0.2626999999999999, -0.07499999999999996, 138.03, 2, 0.5, 0]
[-0.2591999999999999, -0.07499999999999996, 138.03, 2, 0.5, 0]
[-0.25569999999999987, -0.07499999999999996, 138.03, 2, 0.5, 0]
[-0.25219999999999987, -0.07499999999999996, 138.03, 2, 0.5, 0]
[-0.3922, -0.07149999999999995, 138.03, 2, 0.5, 0]
[-0.3887, -0.07149999999999995, 138.03, 2, 0.5, 0]
[-0.3852, -0.07149999999999995, 138.03, 2, 0.5, 0]
[-0.3817, -0.07149999999999995, 138.03, 2, 0.5, 0]
[-0.3782, -0.07149999999999995, 138.03, 2, 0.5, 0]
[-0.3747, -0.07149999999999995, 138.03, 2, 0.5, 0]
[-0.3712, -0.07149999999999995, 138.03, 2, 0.5, 0]
[-0.36769999999999997, -0.07149999999999995, 138.03, 2, 0.5, 0]
[-0.36419999999999997, -0.07149999999999995, 138.03, 2, 0.5, 0]
[-0.36069999999999997, -0.07149999999999995, 138.03, 2, 0.5, 0]
[-0.35719999999999996, -0.07149999999999995, 138.03, 2, 0.5, 0]
[-0.35369999999999996, -0.07149999999999995, 138.03, 2, 0.5, 0]
[-0.35019999999999996, -0.07149999999999995, 138.03, 2, 0.5, 0]
[-0.34669999999999995, -0.07149999999999995, 138.03, 2, 0.5, 0]
[-0.34319999999999995, -0.07149999999999995, 138.03, 2, 0.5, 0]
[-0.33969999999999995, -0.07149999999999995, 138.03, 2, 0.5, 0]
[-0.33619999999999994, -0.07149999999999995, 138.03, 2, 0.5, 0]
[-0.33269999999999994, -0.07149999999999995, 138.03, 2, 0.5, 0]
[-0.32919999999999994, -0.07149999999999995, 138.03, 2, 0.5, 0]
[-0.32569999999999993, -0.07149999999999995, 138.03, 2, 0.5, 0]
[-0.32219999999999993, -0.07149999999999995, 138.03, 2, 0.5, 0]
[-0.31869999999999993, -0.07149999999999995, 138.03, 2, 0.5, 0]
[-0.3151999999999999, -0.07149999999999995, 138.03, 2, 0.5, 0]
[-0.3116999999999999, -0.07149999999999995, 138.03, 2, 0.5, 0]
[-0.3081999999999999, -0.07149999999999995, 138.03, 2, 0.5, 0]
[-0.3046999999999999, -0.07149999999999995, 138.03, 2, 0.5, 0]
[-0.3011999999999999, -0.07149999999999995, 138.03, 2, 0.5, 0]
[-0.2976999999999999, -0.07149999999999995, 138.03, 2, 0.5, 0]
[-0.2941999999999999, -0.07149999999999995, 138.03, 2, 0.5, 0]
[-0.2906999999999999, -0.07149999999999995, 138.03, 2, 0.5, 0]
[-0.2871999999999999, -0.07149999999999995, 138.03, 2, 0.5, 0]
[-0.2836999999999999, -0.07149999999999995, 138.03, 2, 0.5, 0]
[-0.2801999999999999, -0.07149999999999995, 138.03, 2, 0.5, 0]
[-0.2766999999999999, -0.07149999999999995, 138.03, 2, 0.5, 0]
[-0.2731999999999999, -0.07149999999999995, 138.03, 2, 0.5, 0]
[-0.2696999999999999, -0.07149999999999995, 138.03, 2, 0.5, 0]
[-0.2661999999999999, -0.07149999999999995, 138.03, 2, 0.5, 0]
[-0.2626999999999999, -0.07149999999999995, 138.03, 2, 0.5, 0]
[-0.2591999999999999, -0.07149999999999995, 138.03, 2, 0.5, 0]
[-0.25569999999999987, -0.07149999999999995, 138.03, 2, 0.5, 0]
[-0.25219999999999987, -0.07149999999999995, 138.03, 2, 0.5, 0]
[-0.3922, -0.06799999999999995, 138.03, 2, 0.5, 0]
[-0.3887, -0.06799999999999995, 138.03, 2, 0.5, 0]
[-0.3852, -0.06799999999999995, 138.03, 2, 0.5, 0]
[-0.3817, -0.06799999999999995, 138.03, 2, 0.5, 0]
[-0.3782, -0.06799999999999995, 138.03, 2, 0.5, 0]
[-0.3747, -0.06799999999999995, 138.03, 2, 0.5, 0]
[-0.3712, -0.06799999999999995, 138.03, 2, 0.5, 0]
[-0.36769999999999997, -0.06799999999999995, 138.03, 2, 0.5, 0]
[-0.36419999999999997, -0.06799999999999995, 138.03, 2, 0.5, 0]
[-0.36069999999999997, -0.06799999999999995, 138.03, 2, 0.5, 0]
[-0.35719999999999996, -0.06799999999999995, 138.03, 2, 0.5, 0]
[-0.35369999999999996, -0.06799999999999995, 138.03, 2, 0.5, 0]
[-0.35019999999999996, -0.06799999999999995, 138.03, 2, 0.5, 0]
[-0.34669999999999995, -0.06799999999999995, 138.03, 2, 0.5, 0]
[-0.34319999999999995, -0.06799999999999995, 138.03, 2, 0.5, 0]
[-0.33969999999999995, -0.06799999999999995, 138.03, 2, 0.5, 0]
[-0.33619999999999994, -0.06799999999999995, 138.03, 2, 0.5, 0]
[-0.33269999999999994, -0.06799999999999995, 138.03, 2, 0.5, 0]
[-0.32919999999999994, -0.06799999999999995, 138.03, 2, 0.5, 0]
[-0.32569999999999993, -0.06799999999999995, 138.03, 2, 0.5, 0]
[-0.32219999999999993, -0.06799999999999995, 138.03, 2, 0.5, 0]
[-0.31869999999999993, -0.06799999999999995, 138.03, 2, 0.5, 0]
[-0.3151999999999999, -0.06799999999999995, 138.03, 2, 0.5, 0]
[-0.3116999999999999, -0.06799999999999995, 138.03, 2, 0.5, 0]
[-0.3081999999999999, -0.06799999999999995, 138.03, 2, 0.5, 0]
[-0.3046999999999999, -0.06799999999999995, 138.03, 2, 0.5, 0]
[-0.3011999999999999, -0.06799999999999995, 138.03, 2, 0.5, 0]
[-0.2976999999999999, -0.06799999999999995, 138.03, 2, 0.5, 0]
[-0.2941999999999999, -0.06799999999999995, 138.03, 2, 0.5, 0]
[-0.2906999999999999, -0.06799999999999995, 138.03, 2, 0.5, 0]
[-0.2871999999999999, -0.06799999999999995, 138.03, 2, 0.5, 0]
[-0.2836999999999999, -0.06799999999999995, 138.03, 2, 0.5, 0]
[-0.2801999999999999, -0.06799999999999995, 138.03, 2, 0.5, 0]
[-0.2766999999999999, -0.06799999999999995, 138.03, 2, 0.5, 0]
[-0.2731999999999999, -0.06799999999999995, 138.03, 2, 0.5, 0]
[-0.2696999999999999, -0.06799999999999995, 138.03, 2, 0.5, 0]
[-0.2661999999999999, -0.06799999999999995, 138.03, 2, 0.5, 0]
[-0.2626999999999999, -0.06799999999999995, 138.03, 2, 0.5, 0]
[-0.2591999999999999, -0.06799999999999995, 138.03, 2, 0.5, 0]
[-0.25569999999999987, -0.06799999999999995, 138.03, 2, 0.5, 0]
[-0.25219999999999987, -0.06799999999999995, 138.03, 2, 0.5, 0]
[-0.3922, -0.06449999999999995, 138.03, 2, 0.5, 0]
[-0.3887, -0.06449999999999995, 138.03, 2, 0.5, 0]
[-0.3852, -0.06449999999999995, 138.03, 2, 0.5, 0]
[-0.3817, -0.06449999999999995, 138.03, 2, 0.5, 0]
[-0.3782, -0.06449999999999995, 138.03, 2, 0.5, 0]
[-0.3747, -0.06449999999999995, 138.03, 2, 0.5, 0]
[-0.3712, -0.06449999999999995, 138.03, 2, 0.5, 0]
[-0.36769999999999997, -0.06449999999999995, 138.03, 2, 0.5, 0]
[-0.36419999999999997, -0.06449999999999995, 138.03, 2, 0.5, 0]
[-0.36069999999999997, -0.06449999999999995, 138.03, 2, 0.5, 0]
[-0.35719999999999996, -0.06449999999999995, 138.03, 2, 0.5, 0]
[-0.35369999999999996, -0.06449999999999995, 138.03, 2, 0.5, 0]
[-0.35019999999999996, -0.06449999999999995, 138.03, 2, 0.5, 0]
[-0.34669999999999995, -0.06449999999999995, 138.03, 2, 0.5, 0]
[-0.34319999999999995, -0.06449999999999995, 138.03, 2, 0.5, 0]
[-0.33969999999999995, -0.06449999999999995, 138.03, 2, 0.5, 0]
[-0.33619999999999994, -0.06449999999999995, 138.03, 2, 0.5, 0]
[-0.33269999999999994, -0.06449999999999995, 138.03, 2, 0.5, 0]
[-0.32919999999999994, -0.06449999999999995, 138.03, 2, 0.5, 0]
[-0.32569999999999993, -0.06449999999999995, 138.03, 2, 0.5, 0]
[-0.32219999999999993, -0.06449999999999995, 138.03, 2, 0.5, 0]
[-0.31869999999999993, -0.06449999999999995, 138.03, 2, 0.5, 0]
[-0.3151999999999999, -0.06449999999999995, 138.03, 2, 0.5, 0]
[-0.3116999999999999, -0.06449999999999995, 138.03, 2, 0.5, 0]
[-0.3081999999999999, -0.06449999999999995, 138.03, 2, 0.5, 0]
[-0.3046999999999999, -0.06449999999999995, 138.03, 2, 0.5, 0]
[-0.3011999999999999, -0.06449999999999995, 138.03, 2, 0.5, 0]
[-0.2976999999999999, -0.06449999999999995, 138.03, 2, 0.5, 0]
[-0.2941999999999999, -0.06449999999999995, 138.03, 2, 0.5, 0]
[-0.2906999999999999, -0.06449999999999995, 138.03, 2, 0.5, 0]
[-0.2871999999999999, -0.06449999999999995, 138.03, 2, 0.5, 0]
[-0.2836999999999999, -0.06449999999999995, 138.03, 2, 0.5, 0]
[-0.2801999999999999, -0.06449999999999995, 138.03, 2, 0.5, 0]
[-0.2766999999999999, -0.06449999999999995, 138.03, 2, 0.5, 0]
[-0.2731999999999999, -0.06449999999999995, 138.03, 2, 0.5, 0]
[-0.2696999999999999, -0.06449999999999995, 138.03, 2, 0.5, 0]
[-0.2661999999999999, -0.06449999999999995, 138.03, 2, 0.5, 0]
[-0.2626999999999999, -0.06449999999999995, 138.03, 2, 0.5, 0]
[-0.2591999999999999, -0.06449999999999995, 138.03, 2, 0.5, 0]
[-0.25569999999999987, -0.06449999999999995, 138.03, 2, 0.5, 0]
[-0.25219999999999987, -0.06449999999999995, 138.03, 2, 0.5, 0]
[-0.3922, -0.06099999999999994, 138.03, 2, 0.5, 0]
[-0.3887, -0.06099999999999994, 138.03, 2, 0.5, 0]
[-0.3852, -0.06099999999999994, 138.03, 2, 0.5, 0]
[-0.3817, -0.06099999999999994, 138.03, 2, 0.5, 0]
[-0.3782, -0.06099999999999994, 138.03, 2, 0.5, 0]
[-0.3747, -0.06099999999999994, 138.03, 2, 0.5, 0]
[-0.3712, -0.06099999999999994, 138.03, 2, 0.5, 0]
[-0.36769999999999997, -0.06099999999999994, 138.03, 2, 0.5, 0]
[-0.36419999999999997, -0.06099999999999994, 138.03, 2, 0.5, 0]
[-0.36069999999999997, -0.06099999999999994, 138.03, 2, 0.5, 0]
[-0.35719999999999996, -0.06099999999999994, 138.03, 2, 0.5, 0]
[-0.35369999999999996, -0.06099999999999994, 138.03, 2, 0.5, 0]
[-0.35019999999999996, -0.06099999999999994, 138.03, 2, 0.5, 0]
[-0.34669999999999995, -0.06099999999999994, 138.03, 2, 0.5, 0]
[-0.34319999999999995, -0.06099999999999994, 138.03, 2, 0.5, 0]
[-0.33969999999999995, -0.06099999999999994, 138.03, 2, 0.5, 0]
[-0.33619999999999994, -0.06099999999999994, 138.03, 2, 0.5, 0]
[-0.33269999999999994, -0.06099999999999994, 138.03, 2, 0.5, 0]
[-0.32919999999999994, -0.06099999999999994, 138.03, 2, 0.5, 0]
[-0.32569999999999993, -0.06099999999999994, 138.03, 2, 0.5, 0]
[-0.32219999999999993, -0.06099999999999994, 138.03, 2, 0.5, 0]
[-0.31869999999999993, -0.06099999999999994, 138.03, 2, 0.5, 0]
[-0.3151999999999999, -0.06099999999999994, 138.03, 2, 0.5, 0]
[-0.3116999999999999, -0.06099999999999994, 138.03, 2, 0.5, 0]
[-0.3081999999999999, -0.06099999999999994, 138.03, 2, 0.5, 0]
[-0.3046999999999999, -0.06099999999999994, 138.03, 2, 0.5, 0]
[-0.3011999999999999, -0.06099999999999994, 138.03, 2, 0.5, 0]
[-0.2976999999999999, -0.06099999999999994, 138.03, 2, 0.5, 0]
[-0.2941999999999999, -0.06099999999999994, 138.03, 2, 0.5, 0]
[-0.2906999999999999, -0.06099999999999994, 138.03, 2, 0.5, 0]
[-0.2871999999999999, -0.06099999999999994, 138.03, 2, 0.5, 0]
[-0.2836999999999999, -0.06099999999999994, 138.03, 2, 0.5, 0]
[-0.2801999999999999, -0.06099999999999994, 138.03, 2, 0.5, 0]
[-0.2766999999999999, -0.06099999999999994, 138.03, 2, 0.5, 0]
[-0.2731999999999999, -0.06099999999999994, 138.03, 2, 0.5, 0]
[-0.2696999999999999, -0.06099999999999994, 138.03, 2, 0.5, 0]
[-0.2661999999999999, -0.06099999999999994, 138.03, 2, 0.5, 0]
[-0.2626999999999999, -0.06099999999999994, 138.03, 2, 0.5, 0]
[-0.2591999999999999, -0.06099999999999994, 138.03, 2, 0.5, 0]
[-0.25569999999999987, -0.06099999999999994, 138.03, 2, 0.5, 0]
[-0.25219999999999987, -0.06099999999999994, 138.03, 2, 0.5, 0]
[-0.3922, -0.05749999999999994, 138.03, 2, 0.5, 0]
[-0.3887, -0.05749999999999994, 138.03, 2, 0.5, 0]
[-0.3852, -0.05749999999999994, 138.03, 2, 0.5, 0]
[-0.3817, -0.05749999999999994, 138.03, 2, 0.5, 0]
[-0.3782, -0.05749999999999994, 138.03, 2, 0.5, 0]
[-0.3747, -0.05749999999999994, 138.03, 2, 0.5, 0]
[-0.3712, -0.05749999999999994, 138.03, 2, 0.5, 0]
[-0.36769999999999997, -0.05749999999999994, 138.03, 2, 0.5, 0]
[-0.36419999999999997, -0.05749999999999994, 138.03, 2, 0.5, 0]
[-0.36069999999999997, -0.05749999999999994, 138.03, 2, 0.5, 0]
[-0.35719999999999996, -0.05749999999999994, 138.03, 2, 0.5, 0]
[-0.35369999999999996, -0.05749999999999994, 138.03, 2, 0.5, 0]
[-0.35019999999999996, -0.05749999999999994, 138.03, 2, 0.5, 0]
[-0.34669999999999995, -0.05749999999999994, 138.03, 2, 0.5, 0]
[-0.34319999999999995, -0.05749999999999994, 138.03, 2, 0.5, 0]
[-0.33969999999999995, -0.05749999999999994, 138.03, 2, 0.5, 0]
[-0.33619999999999994, -0.05749999999999994, 138.03, 2, 0.5, 0]
[-0.33269999999999994, -0.05749999999999994, 138.03, 2, 0.5, 0]
[-0.32919999999999994, -0.05749999999999994, 138.03, 2, 0.5, 0]
[-0.32569999999999993, -0.05749999999999994, 138.03, 2, 0.5, 0]
[-0.32219999999999993, -0.05749999999999994, 138.03, 2, 0.5, 0]
[-0.31869999999999993, -0.05749999999999994, 138.03, 2, 0.5, 0]
[-0.3151999999999999, -0.05749999999999994, 138.03, 2, 0.5, 0]
[-0.3116999999999999, -0.05749999999999994, 138.03, 2, 0.5, 0]
[-0.3081999999999999, -0.05749999999999994, 138.03, 2, 0.5, 0]
[-0.3046999999999999, -0.05749999999999994, 138.03, 2, 0.5, 0]
[-0.3011999999999999, -0.05749999999999994, 138.03, 2, 0.5, 0]
[-0.2976999999999999, -0.05749999999999994, 138.03, 2, 0.5, 0]
[-0.2941999999999999, -0.05749999999999994, 138.03, 2, 0.5, 0]
[-0.2906999999999999, -0.05749999999999994, 138.03, 2, 0.5, 0]
[-0.2871999999999999, -0.05749999999999994, 138.03, 2, 0.5, 0]
[-0.2836999999999999, -0.05749999999999994, 138.03, 2, 0.5, 0]
[-0.2801999999999999, -0.05749999999999994, 138.03, 2, 0.5, 0]
[-0.2766999999999999, -0.05749999999999994, 138.03, 2, 0.5, 0]
[-0.2731999999999999, -0.05749999999999994, 138.03, 2, 0.5, 0]
[-0.2696999999999999, -0.05749999999999994, 138.03, 2, 0.5, 0]
[-0.2661999999999999, -0.05749999999999994, 138.03, 2, 0.5, 0]
[-0.2626999999999999, -0.05749999999999994, 138.03, 2, 0.5, 0]
[-0.2591999999999999, -0.05749999999999994, 138.03, 2, 0.5, 0]
[-0.25569999999999987, -0.05749999999999994, 138.03, 2, 0.5, 0]
[-0.25219999999999987, -0.05749999999999994, 138.03, 2, 0.5, 0]
[-0.3922, -0.05399999999999994, 138.03, 2, 0.5, 0]
[-0.3887, -0.05399999999999994, 138.03, 2, 0.5, 0]
[-0.3852, -0.05399999999999994, 138.03, 2, 0.5, 0]
[-0.3817, -0.05399999999999994, 138.03, 2, 0.5, 0]
[-0.3782, -0.05399999999999994, 138.03, 2, 0.5, 0]
[-0.3747, -0.05399999999999994, 138.03, 2, 0.5, 0]
[-0.3712, -0.05399999999999994, 138.03, 2, 0.5, 0]
[-0.36769999999999997, -0.05399999999999994, 138.03, 2, 0.5, 0]
[-0.36419999999999997, -0.05399999999999994, 138.03, 2, 0.5, 0]
[-0.36069999999999997, -0.05399999999999994, 138.03, 2, 0.5, 0]
[-0.35719999999999996, -0.05399999999999994, 138.03, 2, 0.5, 0]
[-0.35369999999999996, -0.05399999999999994, 138.03, 2, 0.5, 0]
[-0.35019999999999996, -0.05399999999999994, 138.03, 2, 0.5, 0]
[-0.34669999999999995, -0.05399999999999994, 138.03, 2, 0.5, 0]
[-0.34319999999999995, -0.05399999999999994, 138.03, 2, 0.5, 0]
[-0.33969999999999995, -0.05399999999999994, 138.03, 2, 0.5, 0]
[-0.33619999999999994, -0.05399999999999994, 138.03, 2, 0.5, 0]
[-0.33269999999999994, -0.05399999999999994, 138.03, 2, 0.5, 0]
[-0.32919999999999994, -0.05399999999999994, 138.03, 2, 0.5, 0]
[-0.32569999999999993, -0.05399999999999994, 138.03, 2, 0.5, 0]
[-0.32219999999999993, -0.05399999999999994, 138.03, 2, 0.5, 0]
[-0.31869999999999993, -0.05399999999999994, 138.03, 2, 0.5, 0]
[-0.3151999999999999, -0.05399999999999994, 138.03, 2, 0.5, 0]
[-0.3116999999999999, -0.05399999999999994, 138.03, 2, 0.5, 0]
[-0.3081999999999999, -0.05399999999999994, 138.03, 2, 0.5, 0]
[-0.3046999999999999, -0.05399999999999994, 138.03, 2, 0.5, 0]
[-0.3011999999999999, -0.05399999999999994, 138.03, 2, 0.5, 0]
[-0.2976999999999999, -0.05399999999999994, 138.03, 2, 0.5, 0]
[-0.2941999999999999, -0.05399999999999994, 138.03, 2, 0.5, 0]
[-0.2906999999999999, -0.05399999999999994, 138.03, 2, 0.5, 0]
[-0.2871999999999999, -0.05399999999999994, 138.03, 2, 0.5, 0]
[-0.2836999999999999, -0.05399999999999994, 138.03, 2, 0.5, 0]
[-0.2801999999999999, -0.05399999999999994, 138.03, 2, 0.5, 0]
[-0.2766999999999999, -0.05399999999999994, 138.03, 2, 0.5, 0]
[-0.2731999999999999, -0.05399999999999994, 138.03, 2, 0.5, 0]
[-0.2696999999999999, -0.05399999999999994, 138.03, 2, 0.5, 0]
[-0.2661999999999999, -0.05399999999999994, 138.03, 2, 0.5, 0]
[-0.2626999999999999, -0.05399999999999994, 138.03, 2, 0.5, 0]
[-0.2591999999999999, -0.05399999999999994, 138.03, 2, 0.5, 0]
[-0.25569999999999987, -0.05399999999999994, 138.03, 2, 0.5, 0]
[-0.25219999999999987, -0.05399999999999994, 138.03, 2, 0.5, 0]
[-0.3922, -0.050499999999999934, 138.03, 2, 0.5, 0]
[-0.3887, -0.050499999999999934, 138.03, 2, 0.5, 0]
[-0.3852, -0.050499999999999934, 138.03, 2, 0.5, 0]
[-0.3817, -0.050499999999999934, 138.03, 2, 0.5, 0]
[-0.3782, -0.050499999999999934, 138.03, 2, 0.5, 0]
[-0.3747, -0.050499999999999934, 138.03, 2, 0.5, 0]
[-0.3712, -0.050499999999999934, 138.03, 2, 0.5, 0]
[-0.36769999999999997, -0.050499999999999934, 138.03, 2, 0.5, 0]
[-0.36419999999999997, -0.050499999999999934, 138.03, 2, 0.5, 0]
[-0.36069999999999997, -0.050499999999999934, 138.03, 2, 0.5, 0]
[-0.35719999999999996, -0.050499999999999934, 138.03, 2, 0.5, 0]
[-0.35369999999999996, -0.050499999999999934, 138.03, 2, 0.5, 0]
[-0.35019999999999996, -0.050499999999999934, 138.03, 2, 0.5, 0]
[-0.34669999999999995, -0.050499999999999934, 138.03, 2, 0.5, 0]
[-0.34319999999999995, -0.050499999999999934, 138.03, 2, 0.5, 0]
[-0.33969999999999995, -0.050499999999999934, 138.03, 2, 0.5, 0]
[-0.33619999999999994, -0.050499999999999934, 138.03, 2, 0.5, 0]
[-0.33269999999999994, -0.050499999999999934, 138.03, 2, 0.5, 0]
[-0.32919999999999994, -0.050499999999999934, 138.03, 2, 0.5, 0]
[-0.32569999999999993, -0.050499999999999934, 138.03, 2, 0.5, 0]
[-0.32219999999999993, -0.050499999999999934, 138.03, 2, 0.5, 0]
[-0.31869999999999993, -0.050499999999999934, 138.03, 2, 0.5, 0]
[-0.3151999999999999, -0.050499999999999934, 138.03, 2, 0.5, 0]
[-0.3116999999999999, -0.050499999999999934, 138.03, 2, 0.5, 0]
[-0.3081999999999999, -0.050499999999999934, 138.03, 2, 0.5, 0]
[-0.3046999999999999, -0.050499999999999934, 138.03, 2, 0.5, 0]
[-0.3011999999999999, -0.050499999999999934, 138.03, 2, 0.5, 0]
[-0.2976999999999999, -0.050499999999999934, 138.03, 2, 0.5, 0]
[-0.2941999999999999, -0.050499999999999934, 138.03, 2, 0.5, 0]
[-0.2906999999999999, -0.050499999999999934, 138.03, 2, 0.5, 0]
[-0.2871999999999999, -0.050499999999999934, 138.03, 2, 0.5, 0]
[-0.2836999999999999, -0.050499999999999934, 138.03, 2, 0.5, 0]
[-0.2801999999999999, -0.050499999999999934, 138.03, 2, 0.5, 0]
[-0.2766999999999999, -0.050499999999999934, 138.03, 2, 0.5, 0]
[-0.2731999999999999, -0.050499999999999934, 138.03, 2, 0.5, 0]
[-0.2696999999999999, -0.050499999999999934, 138.03, 2, 0.5, 0]
[-0.2661999999999999, -0.050499999999999934, 138.03, 2, 0.5, 0]
[-0.2626999999999999, -0.050499999999999934, 138.03, 2, 0.5, 0]
[-0.2591999999999999, -0.050499999999999934, 138.03, 2, 0.5, 0]
[-0.25569999999999987, -0.050499999999999934, 138.03, 2, 0.5, 0]
[-0.25219999999999987, -0.050499999999999934, 138.03, 2, 0.5, 0]
[-0.3922, -0.04699999999999993, 138.03, 2, 0.5, 0]
[-0.3887, -0.04699999999999993, 138.03, 2, 0.5, 0]
[-0.3852, -0.04699999999999993, 138.03, 2, 0.5, 0]
[-0.3817, -0.04699999999999993, 138.03, 2, 0.5, 0]
[-0.3782, -0.04699999999999993, 138.03, 2, 0.5, 0]
[-0.3747, -0.04699999999999993, 138.03, 2, 0.5, 0]
[-0.3712, -0.04699999999999993, 138.03, 2, 0.5, 0]
[-0.36769999999999997, -0.04699999999999993, 138.03, 2, 0.5, 0]
[-0.36419999999999997, -0.04699999999999993, 138.03, 2, 0.5, 0]
[-0.36069999999999997, -0.04699999999999993, 138.03, 2, 0.5, 0]
[-0.35719999999999996, -0.04699999999999993, 138.03, 2, 0.5, 0]
[-0.35369999999999996, -0.04699999999999993, 138.03, 2, 0.5, 0]
[-0.35019999999999996, -0.04699999999999993, 138.03, 2, 0.5, 0]
[-0.34669999999999995, -0.04699999999999993, 138.03, 2, 0.5, 0]
[-0.34319999999999995, -0.04699999999999993, 138.03, 2, 0.5, 0]
[-0.33969999999999995, -0.04699999999999993, 138.03, 2, 0.5, 0]
[-0.33619999999999994, -0.04699999999999993, 138.03, 2, 0.5, 0]
[-0.33269999999999994, -0.04699999999999993, 138.03, 2, 0.5, 0]
[-0.32919999999999994, -0.04699999999999993, 138.03, 2, 0.5, 0]
[-0.32569999999999993, -0.04699999999999993, 138.03, 2, 0.5, 0]
[-0.32219999999999993, -0.04699999999999993, 138.03, 2, 0.5, 0]
[-0.31869999999999993, -0.04699999999999993, 138.03, 2, 0.5, 0]
[-0.3151999999999999, -0.04699999999999993, 138.03, 2, 0.5, 0]
[-0.3116999999999999, -0.04699999999999993, 138.03, 2, 0.5, 0]
[-0.3081999999999999, -0.04699999999999993, 138.03, 2, 0.5, 0]
[-0.3046999999999999, -0.04699999999999993, 138.03, 2, 0.5, 0]
[-0.3011999999999999, -0.04699999999999993, 138.03, 2, 0.5, 0]
[-0.2976999999999999, -0.04699999999999993, 138.03, 2, 0.5, 0]
[-0.2941999999999999, -0.04699999999999993, 138.03, 2, 0.5, 0]
[-0.2906999999999999, -0.04699999999999993, 138.03, 2, 0.5, 0]
[-0.2871999999999999, -0.04699999999999993, 138.03, 2, 0.5, 0]
[-0.2836999999999999, -0.04699999999999993, 138.03, 2, 0.5, 0]
[-0.2801999999999999, -0.04699999999999993, 138.03, 2, 0.5, 0]
[-0.2766999999999999, -0.04699999999999993, 138.03, 2, 0.5, 0]
[-0.2731999999999999, -0.04699999999999993, 138.03, 2, 0.5, 0]
[-0.2696999999999999, -0.04699999999999993, 138.03, 2, 0.5, 0]
[-0.2661999999999999, -0.04699999999999993, 138.03, 2, 0.5, 0]
[-0.2626999999999999, -0.04699999999999993, 138.03, 2, 0.5, 0]
[-0.2591999999999999, -0.04699999999999993, 138.03, 2, 0.5, 0]
[-0.25569999999999987, -0.04699999999999993, 138.03, 2, 0.5, 0]
[-0.25219999999999987, -0.04699999999999993, 138.03, 2, 0.5, 0]
[-0.3922, -0.04349999999999993, 138.03, 2, 0.5, 0]
[-0.3887, -0.04349999999999993, 138.03, 2, 0.5, 0]
[-0.3852, -0.04349999999999993, 138.03, 2, 0.5, 0]
[-0.3817, -0.04349999999999993, 138.03, 2, 0.5, 0]
[-0.3782, -0.04349999999999993, 138.03, 2, 0.5, 0]
[-0.3747, -0.04349999999999993, 138.03, 2, 0.5, 0]
[-0.3712, -0.04349999999999993, 138.03, 2, 0.5, 0]
[-0.36769999999999997, -0.04349999999999993, 138.03, 2, 0.5, 0]
[-0.36419999999999997, -0.04349999999999993, 138.03, 2, 0.5, 0]
[-0.36069999999999997, -0.04349999999999993, 138.03, 2, 0.5, 0]
[-0.35719999999999996, -0.04349999999999993, 138.03, 2, 0.5, 0]
[-0.35369999999999996, -0.04349999999999993, 138.03, 2, 0.5, 0]
[-0.35019999999999996, -0.04349999999999993, 138.03, 2, 0.5, 0]
[-0.34669999999999995, -0.04349999999999993, 138.03, 2, 0.5, 0]
[-0.34319999999999995, -0.04349999999999993, 138.03, 2, 0.5, 0]
[-0.33969999999999995, -0.04349999999999993, 138.03, 2, 0.5, 0]
[-0.33619999999999994, -0.04349999999999993, 138.03, 2, 0.5, 0]
[-0.33269999999999994, -0.04349999999999993, 138.03, 2, 0.5, 0]
[-0.32919999999999994, -0.04349999999999993, 138.03, 2, 0.5, 0]
[-0.32569999999999993, -0.04349999999999993, 138.03, 2, 0.5, 0]
[-0.32219999999999993, -0.04349999999999993, 138.03, 2, 0.5, 0]
[-0.31869999999999993, -0.04349999999999993, 138.03, 2, 0.5, 0]
[-0.3151999999999999, -0.04349999999999993, 138.03, 2, 0.5, 0]
[-0.3116999999999999, -0.04349999999999993, 138.03, 2, 0.5, 0]
[-0.3081999999999999, -0.04349999999999993, 138.03, 2, 0.5, 0]
[-0.3046999999999999, -0.04349999999999993, 138.03, 2, 0.5, 0]
[-0.3011999999999999, -0.04349999999999993, 138.03, 2, 0.5, 0]
[-0.2976999999999999, -0.04349999999999993, 138.03, 2, 0.5, 0]
[-0.2941999999999999, -0.04349999999999993, 138.03, 2, 0.5, 0]
[-0.2906999999999999, -0.04349999999999993, 138.03, 2, 0.5, 0]
[-0.2871999999999999, -0.04349999999999993, 138.03, 2, 0.5, 0]
[-0.2836999999999999, -0.04349999999999993, 138.03, 2, 0.5, 0]
[-0.2801999999999999, -0.04349999999999993, 138.03, 2, 0.5, 0]
[-0.2766999999999999, -0.04349999999999993, 138.03, 2, 0.5, 0]
[-0.2731999999999999, -0.04349999999999993, 138.03, 2, 0.5, 0]
[-0.2696999999999999, -0.04349999999999993, 138.03, 2, 0.5, 0]
[-0.2661999999999999, -0.04349999999999993, 138.03, 2, 0.5, 0]
[-0.2626999999999999, -0.04349999999999993, 138.03, 2, 0.5, 0]
[-0.2591999999999999, -0.04349999999999993, 138.03, 2, 0.5, 0]
[-0.25569999999999987, -0.04349999999999993, 138.03, 2, 0.5, 0]
[-0.25219999999999987, -0.04349999999999993, 138.03, 2, 0.5, 0]
[-0.3922, -0.039999999999999925, 138.03, 2, 0.5, 0]
[-0.3887, -0.039999999999999925, 138.03, 2, 0.5, 0]
[-0.3852, -0.039999999999999925, 138.03, 2, 0.5, 0]
[-0.3817, -0.039999999999999925, 138.03, 2, 0.5, 0]
[-0.3782, -0.039999999999999925, 138.03, 2, 0.5, 0]
[-0.3747, -0.039999999999999925, 138.03, 2, 0.5, 0]
[-0.3712, -0.039999999999999925, 138.03, 2, 0.5, 0]
[-0.36769999999999997, -0.039999999999999925, 138.03, 2, 0.5, 0]
[-0.36419999999999997, -0.039999999999999925, 138.03, 2, 0.5, 0]
[-0.36069999999999997, -0.039999999999999925, 138.03, 2, 0.5, 0]
[-0.35719999999999996, -0.039999999999999925, 138.03, 2, 0.5, 0]
[-0.35369999999999996, -0.039999999999999925, 138.03, 2, 0.5, 0]
[-0.35019999999999996, -0.039999999999999925, 138.03, 2, 0.5, 0]
[-0.34669999999999995, -0.039999999999999925, 138.03, 2, 0.5, 0]
[-0.34319999999999995, -0.039999999999999925, 138.03, 2, 0.5, 0]
[-0.33969999999999995, -0.039999999999999925, 138.03, 2, 0.5, 0]
[-0.33619999999999994, -0.039999999999999925, 138.03, 2, 0.5, 0]
[-0.33269999999999994, -0.039999999999999925, 138.03, 2, 0.5, 0]
[-0.32919999999999994, -0.039999999999999925, 138.03, 2, 0.5, 0]
[-0.32569999999999993, -0.039999999999999925, 138.03, 2, 0.5, 0]
[-0.32219999999999993, -0.039999999999999925, 138.03, 2, 0.5, 0]
[-0.31869999999999993, -0.039999999999999925, 138.03, 2, 0.5, 0]
[-0.3151999999999999, -0.039999999999999925, 138.03, 2, 0.5, 0]
[-0.3116999999999999, -0.039999999999999925, 138.03, 2, 0.5, 0]
[-0.3081999999999999, -0.039999999999999925, 138.03, 2, 0.5, 0]
[-0.3046999999999999, -0.039999999999999925, 138.03, 2, 0.5, 0]
[-0.3011999999999999, -0.039999999999999925, 138.03, 2, 0.5, 0]
[-0.2976999999999999, -0.039999999999999925, 138.03, 2, 0.5, 0]
[-0.2941999999999999, -0.039999999999999925, 138.03, 2, 0.5, 0]
[-0.2906999999999999, -0.039999999999999925, 138.03, 2, 0.5, 0]
[-0.2871999999999999, -0.039999999999999925, 138.03, 2, 0.5, 0]
[-0.2836999999999999, -0.039999999999999925, 138.03, 2, 0.5, 0]
[-0.2801999999999999, -0.039999999999999925, 138.03, 2, 0.5, 0]
[-0.2766999999999999, -0.039999999999999925, 138.03, 2, 0.5, 0]
[-0.2731999999999999, -0.039999999999999925, 138.03, 2, 0.5, 0]
[-0.2696999999999999, -0.039999999999999925, 138.03, 2, 0.5, 0]
[-0.2661999999999999, -0.039999999999999925, 138.03, 2, 0.5, 0]
[-0.2626999999999999, -0.039999999999999925, 138.03, 2, 0.5, 0]
[-0.2591999999999999, -0.039999999999999925, 138.03, 2, 0.5, 0]
[-0.25569999999999987, -0.039999999999999925, 138.03, 2, 0.5, 0]
[-0.25219999999999987, -0.039999999999999925, 138.03, 2, 0.5, 0]
[-0.3922, -0.03649999999999992, 138.03, 2, 0.5, 0]
[-0.3887, -0.03649999999999992, 138.03, 2, 0.5, 0]
[-0.3852, -0.03649999999999992, 138.03, 2, 0.5, 0]
[-0.3817, -0.03649999999999992, 138.03, 2, 0.5, 0]
[-0.3782, -0.03649999999999992, 138.03, 2, 0.5, 0]
[-0.3747, -0.03649999999999992, 138.03, 2, 0.5, 0]
[-0.3712, -0.03649999999999992, 138.03, 2, 0.5, 0]
[-0.36769999999999997, -0.03649999999999992, 138.03, 2, 0.5, 0]
[-0.36419999999999997, -0.03649999999999992, 138.03, 2, 0.5, 0]
[-0.36069999999999997, -0.03649999999999992, 138.03, 2, 0.5, 0]
[-0.35719999999999996, -0.03649999999999992, 138.03, 2, 0.5, 0]
[-0.35369999999999996, -0.03649999999999992, 138.03, 2, 0.5, 0]
[-0.35019999999999996, -0.03649999999999992, 138.03, 2, 0.5, 0]
[-0.34669999999999995, -0.03649999999999992, 138.03, 2, 0.5, 0]
[-0.34319999999999995, -0.03649999999999992, 138.03, 2, 0.5, 0]
[-0.33969999999999995, -0.03649999999999992, 138.03, 2, 0.5, 0]
[-0.33619999999999994, -0.03649999999999992, 138.03, 2, 0.5, 0]
[-0.33269999999999994, -0.03649999999999992, 138.03, 2, 0.5, 0]
[-0.32919999999999994, -0.03649999999999992, 138.03, 2, 0.5, 0]
[-0.32569999999999993, -0.03649999999999992, 138.03, 2, 0.5, 0]
[-0.32219999999999993, -0.03649999999999992, 138.03, 2, 0.5, 0]
[-0.31869999999999993, -0.03649999999999992, 138.03, 2, 0.5, 0]
[-0.3151999999999999, -0.03649999999999992, 138.03, 2, 0.5, 0]
[-0.3116999999999999, -0.03649999999999992, 138.03, 2, 0.5, 0]
[-0.3081999999999999, -0.03649999999999992, 138.03, 2, 0.5, 0]
[-0.3046999999999999, -0.03649999999999992, 138.03, 2, 0.5, 0]
[-0.3011999999999999, -0.03649999999999992, 138.03, 2, 0.5, 0]
[-0.2976999999999999, -0.03649999999999992, 138.03, 2, 0.5, 0]
[-0.2941999999999999, -0.03649999999999992, 138.03, 2, 0.5, 0]
[-0.2906999999999999, -0.03649999999999992, 138.03, 2, 0.5, 0]
[-0.2871999999999999, -0.03649999999999992, 138.03, 2, 0.5, 0]
[-0.2836999999999999, -0.03649999999999992, 138.03, 2, 0.5, 0]
[-0.2801999999999999, -0.03649999999999992, 138.03, 2, 0.5, 0]
[-0.2766999999999999, -0.03649999999999992, 138.03, 2, 0.5, 0]
[-0.2731999999999999, -0.03649999999999992, 138.03, 2, 0.5, 0]
[-0.2696999999999999, -0.03649999999999992, 138.03, 2, 0.5, 0]
[-0.2661999999999999, -0.03649999999999992, 138.03, 2, 0.5, 0]
[-0.2626999999999999, -0.03649999999999992, 138.03, 2, 0.5, 0]
[-0.2591999999999999, -0.03649999999999992, 138.03, 2, 0.5, 0]
[-0.25569999999999987, -0.03649999999999992, 138.03, 2, 0.5, 0]
[-0.25219999999999987, -0.03649999999999992, 138.03, 2, 0.5, 0]
[-0.3922, -0.03299999999999992, 138.03, 2, 0.5, 0]
[-0.3887, -0.03299999999999992, 138.03, 2, 0.5, 0]
[-0.3852, -0.03299999999999992, 138.03, 2, 0.5, 0]
[-0.3817, -0.03299999999999992, 138.03, 2, 0.5, 0]
[-0.3782, -0.03299999999999992, 138.03, 2, 0.5, 0]
[-0.3747, -0.03299999999999992, 138.03, 2, 0.5, 0]
[-0.3712, -0.03299999999999992, 138.03, 2, 0.5, 0]
[-0.36769999999999997, -0.03299999999999992, 138.03, 2, 0.5, 0]
[-0.36419999999999997, -0.03299999999999992, 138.03, 2, 0.5, 0]
[-0.36069999999999997, -0.03299999999999992, 138.03, 2, 0.5, 0]
[-0.35719999999999996, -0.03299999999999992, 138.03, 2, 0.5, 0]
[-0.35369999999999996, -0.03299999999999992, 138.03, 2, 0.5, 0]
[-0.35019999999999996, -0.03299999999999992, 138.03, 2, 0.5, 0]
[-0.34669999999999995, -0.03299999999999992, 138.03, 2, 0.5, 0]
[-0.34319999999999995, -0.03299999999999992, 138.03, 2, 0.5, 0]
[-0.33969999999999995, -0.03299999999999992, 138.03, 2, 0.5, 0]
[-0.33619999999999994, -0.03299999999999992, 138.03, 2, 0.5, 0]
[-0.33269999999999994, -0.03299999999999992, 138.03, 2, 0.5, 0]
[-0.32919999999999994, -0.03299999999999992, 138.03, 2, 0.5, 0]
[-0.32569999999999993, -0.03299999999999992, 138.03, 2, 0.5, 0]
[-0.32219999999999993, -0.03299999999999992, 138.03, 2, 0.5, 0]
[-0.31869999999999993, -0.03299999999999992, 138.03, 2, 0.5, 0]
[-0.3151999999999999, -0.03299999999999992, 138.03, 2, 0.5, 0]
[-0.3116999999999999, -0.03299999999999992, 138.03, 2, 0.5, 0]
[-0.3081999999999999, -0.03299999999999992, 138.03, 2, 0.5, 0]
[-0.3046999999999999, -0.03299999999999992, 138.03, 2, 0.5, 0]
[-0.3011999999999999, -0.03299999999999992, 138.03, 2, 0.5, 0]
[-0.2976999999999999, -0.03299999999999992, 138.03, 2, 0.5, 0]
[-0.2941999999999999, -0.03299999999999992, 138.03, 2, 0.5, 0]
[-0.2906999999999999, -0.03299999999999992, 138.03, 2, 0.5, 0]
[-0.2871999999999999, -0.03299999999999992, 138.03, 2, 0.5, 0]
[-0.2836999999999999, -0.03299999999999992, 138.03, 2, 0.5, 0]
[-0.2801999999999999, -0.03299999999999992, 138.03, 2, 0.5, 0]
[-0.2766999999999999, -0.03299999999999992, 138.03, 2, 0.5, 0]
[-0.2731999999999999, -0.03299999999999992, 138.03, 2, 0.5, 0]
[-0.2696999999999999, -0.03299999999999992, 138.03, 2, 0.5, 0]
[-0.2661999999999999, -0.03299999999999992, 138.03, 2, 0.5, 0]
[-0.2626999999999999, -0.03299999999999992, 138.03, 2, 0.5, 0]
[-0.2591999999999999, -0.03299999999999992, 138.03, 2, 0.5, 0]
[-0.25569999999999987, -0.03299999999999992, 138.03, 2, 0.5, 0]
[-0.25219999999999987, -0.03299999999999992, 138.03, 2, 0.5, 0]
[-0.3922, -0.02949999999999992, 138.03, 2, 0.5, 0]
[-0.3887, -0.02949999999999992, 138.03, 2, 0.5, 0]
[-0.3852, -0.02949999999999992, 138.03, 2, 0.5, 0]
[-0.3817, -0.02949999999999992, 138.03, 2, 0.5, 0]
[-0.3782, -0.02949999999999992, 138.03, 2, 0.5, 0]
[-0.3747, -0.02949999999999992, 138.03, 2, 0.5, 0]
[-0.3712, -0.02949999999999992, 138.03, 2, 0.5, 0]
[-0.36769999999999997, -0.02949999999999992, 138.03, 2, 0.5, 0]
[-0.36419999999999997, -0.02949999999999992, 138.03, 2, 0.5, 0]
[-0.36069999999999997, -0.02949999999999992, 138.03, 2, 0.5, 0]
[-0.35719999999999996, -0.02949999999999992, 138.03, 2, 0.5, 0]
[-0.35369999999999996, -0.02949999999999992, 138.03, 2, 0.5, 0]
[-0.35019999999999996, -0.02949999999999992, 138.03, 2, 0.5, 0]
[-0.34669999999999995, -0.02949999999999992, 138.03, 2, 0.5, 0]
[-0.34319999999999995, -0.02949999999999992, 138.03, 2, 0.5, 0]
[-0.33969999999999995, -0.02949999999999992, 138.03, 2, 0.5, 0]
[-0.33619999999999994, -0.02949999999999992, 138.03, 2, 0.5, 0]
[-0.33269999999999994, -0.02949999999999992, 138.03, 2, 0.5, 0]
[-0.32919999999999994, -0.02949999999999992, 138.03, 2, 0.5, 0]
[-0.32569999999999993, -0.02949999999999992, 138.03, 2, 0.5, 0]
[-0.32219999999999993, -0.02949999999999992, 138.03, 2, 0.5, 0]
[-0.31869999999999993, -0.02949999999999992, 138.03, 2, 0.5, 0]
[-0.3151999999999999, -0.02949999999999992, 138.03, 2, 0.5, 0]
[-0.3116999999999999, -0.02949999999999992, 138.03, 2, 0.5, 0]
[-0.3081999999999999, -0.02949999999999992, 138.03, 2, 0.5, 0]
[-0.3046999999999999, -0.02949999999999992, 138.03, 2, 0.5, 0]
[-0.3011999999999999, -0.02949999999999992, 138.03, 2, 0.5, 0]
[-0.2976999999999999, -0.02949999999999992, 138.03, 2, 0.5, 0]
[-0.2941999999999999, -0.02949999999999992, 138.03, 2, 0.5, 0]
[-0.2906999999999999, -0.02949999999999992, 138.03, 2, 0.5, 0]
[-0.2871999999999999, -0.02949999999999992, 138.03, 2, 0.5, 0]
[-0.2836999999999999, -0.02949999999999992, 138.03, 2, 0.5, 0]
[-0.2801999999999999, -0.02949999999999992, 138.03, 2, 0.5, 0]
[-0.2766999999999999, -0.02949999999999992, 138.03, 2, 0.5, 0]
[-0.2731999999999999, -0.02949999999999992, 138.03, 2, 0.5, 0]
[-0.2696999999999999, -0.02949999999999992, 138.03, 2, 0.5, 0]
[-0.2661999999999999, -0.02949999999999992, 138.03, 2, 0.5, 0]
[-0.2626999999999999, -0.02949999999999992, 138.03, 2, 0.5, 0]
[-0.2591999999999999, -0.02949999999999992, 138.03, 2, 0.5, 0]
[-0.25569999999999987, -0.02949999999999992, 138.03, 2, 0.5, 0]
[-0.25219999999999987, -0.02949999999999992, 138.03, 2, 0.5, 0]
[-0.3922, -0.02599999999999992, 138.03, 2, 0.5, 0]
[-0.3887, -0.02599999999999992, 138.03, 2, 0.5, 0]
[-0.3852, -0.02599999999999992, 138.03, 2, 0.5, 0]
[-0.3817, -0.02599999999999992, 138.03, 2, 0.5, 0]
[-0.3782, -0.02599999999999992, 138.03, 2, 0.5, 0]
[-0.3747, -0.02599999999999992, 138.03, 2, 0.5, 0]
[-0.3712, -0.02599999999999992, 138.03, 2, 0.5, 0]
[-0.36769999999999997, -0.02599999999999992, 138.03, 2, 0.5, 0]
[-0.36419999999999997, -0.02599999999999992, 138.03, 2, 0.5, 0]
[-0.36069999999999997, -0.02599999999999992, 138.03, 2, 0.5, 0]
[-0.35719999999999996, -0.02599999999999992, 138.03, 2, 0.5, 0]
[-0.35369999999999996, -0.02599999999999992, 138.03, 2, 0.5, 0]
[-0.35019999999999996, -0.02599999999999992, 138.03, 2, 0.5, 0]
[-0.34669999999999995, -0.02599999999999992, 138.03, 2, 0.5, 0]
[-0.34319999999999995, -0.02599999999999992, 138.03, 2, 0.5, 0]
[-0.33969999999999995, -0.02599999999999992, 138.03, 2, 0.5, 0]
[-0.33619999999999994, -0.02599999999999992, 138.03, 2, 0.5, 0]
[-0.33269999999999994, -0.02599999999999992, 138.03, 2, 0.5, 0]
[-0.32919999999999994, -0.02599999999999992, 138.03, 2, 0.5, 0]
[-0.32569999999999993, -0.02599999999999992, 138.03, 2, 0.5, 0]
[-0.32219999999999993, -0.02599999999999992, 138.03, 2, 0.5, 0]
[-0.31869999999999993, -0.02599999999999992, 138.03, 2, 0.5, 0]
[-0.3151999999999999, -0.02599999999999992, 138.03, 2, 0.5, 0]
[-0.3116999999999999, -0.02599999999999992, 138.03, 2, 0.5, 0]
[-0.3081999999999999, -0.02599999999999992, 138.03, 2, 0.5, 0]
[-0.3046999999999999, -0.02599999999999992, 138.03, 2, 0.5, 0]
[-0.3011999999999999, -0.02599999999999992, 138.03, 2, 0.5, 0]
[-0.2976999999999999, -0.02599999999999992, 138.03, 2, 0.5, 0]
[-0.2941999999999999, -0.02599999999999992, 138.03, 2, 0.5, 0]
[-0.2906999999999999, -0.02599999999999992, 138.03, 2, 0.5, 0]
[-0.2871999999999999, -0.02599999999999992, 138.03, 2, 0.5, 0]
[-0.2836999999999999, -0.02599999999999992, 138.03, 2, 0.5, 0]
[-0.2801999999999999, -0.02599999999999992, 138.03, 2, 0.5, 0]
[-0.2766999999999999, -0.02599999999999992, 138.03, 2, 0.5, 0]
[-0.2731999999999999, -0.02599999999999992, 138.03, 2, 0.5, 0]
[-0.2696999999999999, -0.02599999999999992, 138.03, 2, 0.5, 0]
[-0.2661999999999999, -0.02599999999999992, 138.03, 2, 0.5, 0]
[-0.2626999999999999, -0.02599999999999992, 138.03, 2, 0.5, 0]
[-0.2591999999999999, -0.02599999999999992, 138.03, 2, 0.5, 0]
[-0.25569999999999987, -0.02599999999999992, 138.03, 2, 0.5, 0]
[-0.25219999999999987, -0.02599999999999992, 138.03, 2, 0.5, 0]
[-0.3922, -0.02249999999999992, 138.03, 2, 0.5, 0]
[-0.3887, -0.02249999999999992, 138.03, 2, 0.5, 0]
[-0.3852, -0.02249999999999992, 138.03, 2, 0.5, 0]
[-0.3817, -0.02249999999999992, 138.03, 2, 0.5, 0]
[-0.3782, -0.02249999999999992, 138.03, 2, 0.5, 0]
[-0.3747, -0.02249999999999992, 138.03, 2, 0.5, 0]
[-0.3712, -0.02249999999999992, 138.03, 2, 0.5, 0]
[-0.36769999999999997, -0.02249999999999992, 138.03, 2, 0.5, 0]
[-0.36419999999999997, -0.02249999999999992, 138.03, 2, 0.5, 0]
[-0.36069999999999997, -0.02249999999999992, 138.03, 2, 0.5, 0]
[-0.35719999999999996, -0.02249999999999992, 138.03, 2, 0.5, 0]
[-0.35369999999999996, -0.02249999999999992, 138.03, 2, 0.5, 0]
[-0.35019999999999996, -0.02249999999999992, 138.03, 2, 0.5, 0]
[-0.34669999999999995, -0.02249999999999992, 138.03, 2, 0.5, 0]
[-0.34319999999999995, -0.02249999999999992, 138.03, 2, 0.5, 0]
[-0.33969999999999995, -0.02249999999999992, 138.03, 2, 0.5, 0]
[-0.33619999999999994, -0.02249999999999992, 138.03, 2, 0.5, 0]
[-0.33269999999999994, -0.02249999999999992, 138.03, 2, 0.5, 0]
[-0.32919999999999994, -0.02249999999999992, 138.03, 2, 0.5, 0]
[-0.32569999999999993, -0.02249999999999992, 138.03, 2, 0.5, 0]
[-0.32219999999999993, -0.02249999999999992, 138.03, 2, 0.5, 0]
[-0.31869999999999993, -0.02249999999999992, 138.03, 2, 0.5, 0]
[-0.3151999999999999, -0.02249999999999992, 138.03, 2, 0.5, 0]
[-0.3116999999999999, -0.02249999999999992, 138.03, 2, 0.5, 0]
[-0.3081999999999999, -0.02249999999999992, 138.03, 2, 0.5, 0]
[-0.3046999999999999, -0.02249999999999992, 138.03, 2, 0.5, 0]
[-0.3011999999999999, -0.02249999999999992, 138.03, 2, 0.5, 0]
[-0.2976999999999999, -0.02249999999999992, 138.03, 2, 0.5, 0]
[-0.2941999999999999, -0.02249999999999992, 138.03, 2, 0.5, 0]
[-0.2906999999999999, -0.02249999999999992, 138.03, 2, 0.5, 0]
[-0.2871999999999999, -0.02249999999999992, 138.03, 2, 0.5, 0]
[-0.2836999999999999, -0.02249999999999992, 138.03, 2, 0.5, 0]
[-0.2801999999999999, -0.02249999999999992, 138.03, 2, 0.5, 0]
[-0.2766999999999999, -0.02249999999999992, 138.03, 2, 0.5, 0]
[-0.2731999999999999, -0.02249999999999992, 138.03, 2, 0.5, 0]
[-0.2696999999999999, -0.02249999999999992, 138.03, 2, 0.5, 0]
[-0.2661999999999999, -0.02249999999999992, 138.03, 2, 0.5, 0]
[-0.2626999999999999, -0.02249999999999992, 138.03, 2, 0.5, 0]
[-0.2591999999999999, -0.02249999999999992, 138.03, 2, 0.5, 0]
[-0.25569999999999987, -0.02249999999999992, 138.03, 2, 0.5, 0]
[-0.25219999999999987, -0.02249999999999992, 138.03, 2, 0.5, 0]
[-0.3922, -0.01899999999999992, 138.03, 2, 0.5, 0]
[-0.3887, -0.01899999999999992, 138.03, 2, 0.5, 0]
[-0.3852, -0.01899999999999992, 138.03, 2, 0.5, 0]
[-0.3817, -0.01899999999999992, 138.03, 2, 0.5, 0]
[-0.3782, -0.01899999999999992, 138.03, 2, 0.5, 0]
[-0.3747, -0.01899999999999992, 138.03, 2, 0.5, 0]
[-0.3712, -0.01899999999999992, 138.03, 2, 0.5, 0]
[-0.36769999999999997, -0.01899999999999992, 138.03, 2, 0.5, 0]
[-0.36419999999999997, -0.01899999999999992, 138.03, 2, 0.5, 0]
[-0.36069999999999997, -0.01899999999999992, 138.03, 2, 0.5, 0]
[-0.35719999999999996, -0.01899999999999992, 138.03, 2, 0.5, 0]
[-0.35369999999999996, -0.01899999999999992, 138.03, 2, 0.5, 0]
[-0.35019999999999996, -0.01899999999999992, 138.03, 2, 0.5, 0]
[-0.34669999999999995, -0.01899999999999992, 138.03, 2, 0.5, 0]
[-0.34319999999999995, -0.01899999999999992, 138.03, 2, 0.5, 0]
[-0.33969999999999995, -0.01899999999999992, 138.03, 2, 0.5, 0]
[-0.33619999999999994, -0.01899999999999992, 138.03, 2, 0.5, 0]
[-0.33269999999999994, -0.01899999999999992, 138.03, 2, 0.5, 0]
[-0.32919999999999994, -0.01899999999999992, 138.03, 2, 0.5, 0]
[-0.32569999999999993, -0.01899999999999992, 138.03, 2, 0.5, 0]
[-0.32219999999999993, -0.01899999999999992, 138.03, 2, 0.5, 0]
[-0.31869999999999993, -0.01899999999999992, 138.03, 2, 0.5, 0]
[-0.3151999999999999, -0.01899999999999992, 138.03, 2, 0.5, 0]
[-0.3116999999999999, -0.01899999999999992, 138.03, 2, 0.5, 0]
[-0.3081999999999999, -0.01899999999999992, 138.03, 2, 0.5, 0]
[-0.3046999999999999, -0.01899999999999992, 138.03, 2, 0.5, 0]
[-0.3011999999999999, -0.01899999999999992, 138.03, 2, 0.5, 0]
[-0.2976999999999999, -0.01899999999999992, 138.03, 2, 0.5, 0]
[-0.2941999999999999, -0.01899999999999992, 138.03, 2, 0.5, 0]
[-0.2906999999999999, -0.01899999999999992, 138.03, 2, 0.5, 0]
[-0.2871999999999999, -0.01899999999999992, 138.03, 2, 0.5, 0]
[-0.2836999999999999, -0.01899999999999992, 138.03, 2, 0.5, 0]
[-0.2801999999999999, -0.01899999999999992, 138.03, 2, 0.5, 0]
[-0.2766999999999999, -0.01899999999999992, 138.03, 2, 0.5, 0]
[-0.2731999999999999, -0.01899999999999992, 138.03, 2, 0.5, 0]
[-0.2696999999999999, -0.01899999999999992, 138.03, 2, 0.5, 0]
[-0.2661999999999999, -0.01899999999999992, 138.03, 2, 0.5, 0]
[-0.2626999999999999, -0.01899999999999992, 138.03, 2, 0.5, 0]
[-0.2591999999999999, -0.01899999999999992, 138.03, 2, 0.5, 0]
[-0.25569999999999987, -0.01899999999999992, 138.03, 2, 0.5, 0]
[-0.25219999999999987, -0.01899999999999992, 138.03, 2, 0.5, 0]
[-0.3922, -0.01549999999999992, 138.03, 2, 0.5, 0]
[-0.3887, -0.01549999999999992, 138.03, 2, 0.5, 0]
[-0.3852, -0.01549999999999992, 138.03, 2, 0.5, 0]
[-0.3817, -0.01549999999999992, 138.03, 2, 0.5, 0]
[-0.3782, -0.01549999999999992, 138.03, 2, 0.5, 0]
[-0.3747, -0.01549999999999992, 138.03, 2, 0.5, 0]
[-0.3712, -0.01549999999999992, 138.03, 2, 0.5, 0]
[-0.36769999999999997, -0.01549999999999992, 138.03, 2, 0.5, 0]
[-0.36419999999999997, -0.01549999999999992, 138.03, 2, 0.5, 0]
[-0.36069999999999997, -0.01549999999999992, 138.03, 2, 0.5, 0]
[-0.35719999999999996, -0.01549999999999992, 138.03, 2, 0.5, 0]
[-0.35369999999999996, -0.01549999999999992, 138.03, 2, 0.5, 0]
[-0.35019999999999996, -0.01549999999999992, 138.03, 2, 0.5, 0]
[-0.34669999999999995, -0.01549999999999992, 138.03, 2, 0.5, 0]
[-0.34319999999999995, -0.01549999999999992, 138.03, 2, 0.5, 0]
[-0.33969999999999995, -0.01549999999999992, 138.03, 2, 0.5, 0]
[-0.33619999999999994, -0.01549999999999992, 138.03, 2, 0.5, 0]
[-0.33269999999999994, -0.01549999999999992, 138.03, 2, 0.5, 0]
[-0.32919999999999994, -0.01549999999999992, 138.03, 2, 0.5, 0]
[-0.32569999999999993, -0.01549999999999992, 138.03, 2, 0.5, 0]
[-0.32219999999999993, -0.01549999999999992, 138.03, 2, 0.5, 0]
[-0.31869999999999993, -0.01549999999999992, 138.03, 2, 0.5, 0]
[-0.3151999999999999, -0.01549999999999992, 138.03, 2, 0.5, 0]
[-0.3116999999999999, -0.01549999999999992, 138.03, 2, 0.5, 0]
[-0.3081999999999999, -0.01549999999999992, 138.03, 2, 0.5, 0]
[-0.3046999999999999, -0.01549999999999992, 138.03, 2, 0.5, 0]
[-0.3011999999999999, -0.01549999999999992, 138.03, 2, 0.5, 0]
[-0.2976999999999999, -0.01549999999999992, 138.03, 2, 0.5, 0]
[-0.2941999999999999, -0.01549999999999992, 138.03, 2, 0.5, 0]
[-0.2906999999999999, -0.01549999999999992, 138.03, 2, 0.5, 0]
[-0.2871999999999999, -0.01549999999999992, 138.03, 2, 0.5, 0]
[-0.2836999999999999, -0.01549999999999992, 138.03, 2, 0.5, 0]
[-0.2801999999999999, -0.01549999999999992, 138.03, 2, 0.5, 0]
[-0.2766999999999999, -0.01549999999999992, 138.03, 2, 0.5, 0]
[-0.2731999999999999, -0.01549999999999992, 138.03, 2, 0.5, 0]
[-0.2696999999999999, -0.01549999999999992, 138.03, 2, 0.5, 0]
[-0.2661999999999999, -0.01549999999999992, 138.03, 2, 0.5, 0]
[-0.2626999999999999, -0.01549999999999992, 138.03, 2, 0.5, 0]
[-0.2591999999999999, -0.01549999999999992, 138.03, 2, 0.5, 0]
[-0.25569999999999987, -0.01549999999999992, 138.03, 2, 0.5, 0]
[-0.25219999999999987, -0.01549999999999992, 138.03, 2, 0.5, 0]
[-0.3922, -0.01199999999999992, 138.03, 2, 0.5, 0]
[-0.3887, -0.01199999999999992, 138.03, 2, 0.5, 0]
[-0.3852, -0.01199999999999992, 138.03, 2, 0.5, 0]
[-0.3817, -0.01199999999999992, 138.03, 2, 0.5, 0]
[-0.3782, -0.01199999999999992, 138.03, 2, 0.5, 0]
[-0.3747, -0.01199999999999992, 138.03, 2, 0.5, 0]
[-0.3712, -0.01199999999999992, 138.03, 2, 0.5, 0]
[-0.36769999999999997, -0.01199999999999992, 138.03, 2, 0.5, 0]
[-0.36419999999999997, -0.01199999999999992, 138.03, 2, 0.5, 0]
[-0.36069999999999997, -0.01199999999999992, 138.03, 2, 0.5, 0]
[-0.35719999999999996, -0.01199999999999992, 138.03, 2, 0.5, 0]
[-0.35369999999999996, -0.01199999999999992, 138.03, 2, 0.5, 0]
[-0.35019999999999996, -0.01199999999999992, 138.03, 2, 0.5, 0]
[-0.34669999999999995, -0.01199999999999992, 138.03, 2, 0.5, 0]
[-0.34319999999999995, -0.01199999999999992, 138.03, 2, 0.5, 0]
[-0.33969999999999995, -0.01199999999999992, 138.03, 2, 0.5, 0]
[-0.33619999999999994, -0.01199999999999992, 138.03, 2, 0.5, 0]
[-0.33269999999999994, -0.01199999999999992, 138.03, 2, 0.5, 0]
[-0.32919999999999994, -0.01199999999999992, 138.03, 2, 0.5, 0]
[-0.32569999999999993, -0.01199999999999992, 138.03, 2, 0.5, 0]
[-0.32219999999999993, -0.01199999999999992, 138.03, 2, 0.5, 0]
[-0.31869999999999993, -0.01199999999999992, 138.03, 2, 0.5, 0]
[-0.3151999999999999, -0.01199999999999992, 138.03, 2, 0.5, 0]
[-0.3116999999999999, -0.01199999999999992, 138.03, 2, 0.5, 0]
[-0.3081999999999999, -0.01199999999999992, 138.03, 2, 0.5, 0]
[-0.3046999999999999, -0.01199999999999992, 138.03, 2, 0.5, 0]
[-0.3011999999999999, -0.01199999999999992, 138.03, 2, 0.5, 0]
[-0.2976999999999999, -0.01199999999999992, 138.03, 2, 0.5, 0]
[-0.2941999999999999, -0.01199999999999992, 138.03, 2, 0.5, 0]
[-0.2906999999999999, -0.01199999999999992, 138.03, 2, 0.5, 0]
[-0.2871999999999999, -0.01199999999999992, 138.03, 2, 0.5, 0]
[-0.2836999999999999, -0.01199999999999992, 138.03, 2, 0.5, 0]
[-0.2801999999999999, -0.01199999999999992, 138.03, 2, 0.5, 0]
[-0.2766999999999999, -0.01199999999999992, 138.03, 2, 0.5, 0]
[-0.2731999999999999, -0.01199999999999992, 138.03, 2, 0.5, 0]
[-0.2696999999999999, -0.01199999999999992, 138.03, 2, 0.5, 0]
[-0.2661999999999999, -0.01199999999999992, 138.03, 2, 0.5, 0]
[-0.2626999999999999, -0.01199999999999992, 138.03, 2, 0.5, 0]
[-0.2591999999999999, -0.01199999999999992, 138.03, 2, 0.5, 0]
[-0.25569999999999987, -0.01199999999999992, 138.03, 2, 0.5, 0]
[-0.25219999999999987, -0.01199999999999992, 138.03, 2, 0.5, 0]
