[-0.3672, -0.0862, 138.7416, 2, 0.5, 0]
[-0.3662, -0.0862, 138.7416, 2, 0.5, 0]
[-0.3652, -0.0862, 138.7416, 2, 0.5, 0]
[-0.3642, -0.0862, 138.7416, 2, 0.5, 0]
[-0.3632, -0.0862, 138.7416, 2, 0.5, 0]
[-0.3622, -0.0862, 138.7416, 2, 0.5, 0]
[-0.3612, -0.0862, 138.7416, 2, 0.5, 0]
[-0.3602, -0.0862, 138.7416, 2, 0.5, 0]
[-0.3592, -0.0862, 138.7416, 2, 0.5, 0]
[-0.3582, -0.0862, 138.7416, 2, 0.5, 0]
[-0.3572, -0.0862, 138.7416, 2, 0.5, 0]
[-0.3562, -0.0862, 138.7416, 2, 0.5, 0]
[-0.3552, -0.0862, 138.7416, 2, 0.5, 0]
[-0.3542, -0.0862, 138.7416, 2, 0.5, 0]
[-0.3532, -0.0862, 138.7416, 2, 0.5, 0]
[-0.3522, -0.0862, 138.7416, 2, 0.5, 0]
[-0.3512, -0.0862, 138.7416, 2, 0.5, 0]
[-0.3502, -0.0862, 138.7416, 2, 0.5, 0]
[-0.3492, -0.0862, 138.7416, 2, 0.5, 0]
[-0.3482, -0.0862, 138.7416, 2, 0.5, 0]
[-0.3472, -0.0862, 138.7416, 2, 0.5, 0]
[-0.3462, -0.0862, 138.7416, 2, 0.5, 0]
[-0.3452, -0.0862, 138.7416, 2, 0.5, 0]
[-0.3442, -0.0862, 138.7416, 2, 0.5, 0]
[-0.3432, -0.0862, 138.7416, 2, 0.5, 0]
[-0.3422, -0.0862, 138.7416, 2, 0.5, 0]
[-0.3412, -0.0862, 138.7416, 2, 0.5, 0]
[-0.3402, -0.0862, 138.7416, 2, 0.5, 0]
[-0.3392, -0.0862, 138.7416, 2, 0.5, 0]
[-0.3382, -0.0862, 138.7416, 2, 0.5, 0]
[-0.3372, -0.0862, 138.7416, 2, 0.5, 0]
[-0.3362, -0.0862, 138.7416, 2, 0.5, 0]
[-0.3352, -0.0862, 138.7416, 2, 0.5, 0]
[-0.3342, -0.0862, 138.7416, 2, 0.5, 0]
[-0.3332, -0.0862, 138.7416, 2, 0.5, 0]
[-0.3322, -0.0862, 138.7416, 2, 0.5, 0]
[-0.3312, -0.0862, 138.7416, 2, 0.5, 0]
[-0.3302, -0.0862, 138.7416, 2, 0.5, 0]
[-0.3292, -0.0862, 138.7416, 2, 0.5, 0]
[-0.3282, -0.0862, 138.7416, 2, 0.5, 0]
[-0.3272, -0.0862, 138.7416, 2, 0.5, 0]
[-0.3672, -0.0852, 138.7416, 2, 0.5, 0]
[-0.3662, -0.0852, 138.7416, 2, 0.5, 0]
[-0.3652, -0.0852, 138.7416, 2, 0.5, 0]
[-0.3642, -0.0852, 138.7416, 2, 0.5, 0]
[-0.3632, -0.0852, 138.7416, 2, 0.5, 0]
[-0.3622, -0.0852, 138.7416, 2, 0.5, 0]
[-0.3612, -0.0852, 138.7416, 2, 0.5, 0]
[-0.3602, -0.0852, 138.7416, 2, 0.5, 0]
[-0.3592, -0.0852, 138.7416, 2, 0.5, 0]
[-0.3582, -0.0852, 138.7416, 2, 0.5, 0]
[-0.3572, -0.0852, 138.7416, 2, 0.5, 0]
[-0.3562, -0.0852, 138.7416, 2, 0.5, 0]
[-0.3552, -0.0852, 138.7416, 2, 0.5, 0]
[-0.3542, -0.0852, 138.7416, 2, 0.5, 0]
[-0.3532, -0.0852, 138.7416, 2, 0.5, 0]
[-0.3522, -0.0852, 138.7416, 2, 0.5, 0]
[-0.3512, -0.0852, 138.7416, 2, 0.5, 0]
[-0.3502, -0.0852, 138.7416, 2, 0.5, 0]
[-0.3492, -0.0852, 138.7416, 2, 0.5, 0]
[-0.3482, -0.0852, 138.7416, 2, 0.5, 0]
[-0.3472, -0.0852, 138.7416, 2, 0.5, 0]
[-0.3462, -0.0852, 138.7416, 2, 0.5, 0]
[-0.3452, -0.0852, 138.7416, 2, 0.5, 0]
[-0.3442, -0.0852, 138.7416, 2, 0.5, 0]
[-0.3432, -0.0852, 138.7416, 2, 0.5, 0]
[-0.3422, -0.0852, 138.7416, 2, 0.5, 0]
[-0.3412, -0.0852, 138.7416, 2, 0.5, 0]
[-0.3402, -0.0852, 138.7416, 2, 0.5, 0]
[-0.3392, -0.0852, 138.7416, 2, 0.5, 0]
[-0.3382, -0.0852, 138.7416, 2, 0.5, 0]
[-0.3372, -0.0852, 138.7416, 2, 0.5, 0]
[-0.3362, -0.0852, 138.7416, 2, 0.5, 0]
[-0.3352, -0.0852, 138.7416, 2, 0.5, 0]
[-0.3342, -0.0852, 138.7416, 2, 0.5, 0]
[-0.3332, -0.0852, 138.7416, 2, 0.5, 0]
[-0.3322, -0.0852, 138.7416, 2, 0.5, 0]
[-0.3312, -0.0852, 138.7416, 2, 0.5, 0]
[-0.3302, -0.0852, 138.7416, 2, 0.5, 0]
[-0.3292, -0.0852, 138.7416, 2, 0.5, 0]
[-0.3282, -0.0852, 138.7416, 2, 0.5, 0]
[-0.3272, -0.0852, 138.7416, 2, 0.5, 0]
[-0.3672, -0.0842, 138.7416, 2, 0.5, 0]
[-0.3662, -0.0842, 138.7416, 2, 0.5, 0]
[-0.3652, -0.0842, 138.7416, 2, 0.5, 0]
[-0.3642, -0.0842, 138.7416, 2, 0.5, 0]
[-0.3632, -0.0842, 138.7416, 2, 0.5, 0]
[-0.3622, -0.0842, 138.7416, 2, 0.5, 0]
[-0.3612, -0.0842, 138.7416, 2, 0.5, 0]
[-0.3602, -0.0842, 138.7416, 2, 0.5, 0]
[-0.3592, -0.0842, 138.7416, 2, 0.5, 0]
[-0.3582, -0.0842, 138.7416, 2, 0.5, 0]
[-0.3572, -0.0842, 138.7416, 2, 0.5, 0]
[-0.3562, -0.0842, 138.7416, 2, 0.5, 0]
[-0.3552, -0.0842, 138.7416, 2, 0.5, 0]
[-0.3542, -0.0842, 138.7416, 2, 0.5, 0]
[-0.3532, -0.0842, 138.7416, 2, 0.5, 0]
[-0.3522, -0.0842, 138.7416, 2, 0.5, 0]
[-0.3512, -0.0842, 138.7416, 2, 0.5, 0]
[-0.3502, -0.0842, 138.7416, 2, 0.5, 0]
[-0.3492, -0.0842, 138.7416, 2, 0.5, 0]
[-0.3482, -0.0842, 138.7416, 2, 0.5, 0]
[-0.3472, -0.0842, 138.7416, 2, 0.5, 0]
[-0.3462, -0.0842, 138.7416, 2, 0.5, 0]
[-0.3452, -0.0842, 138.7416, 2, 0.5, 0]
[-0.3442, -0.0842, 138.7416, 2, 0.5, 0]
[-0.3432, -0.0842, 138.7416, 2, 0.5, 0]
[-0.3422, -0.0842, 138.7416, 2, 0.5, 0]
[-0.3412, -0.0842, 138.7416, 2, 0.5, 0]
[-0.3402, -0.0842, 138.7416, 2, 0.5, 0]
[-0.3392, -0.0842, 138.7416, 2, 0.5, 0]
[-0.3382, -0.0842, 138.7416, 2, 0.5, 0]
[-0.3372, -0.0842, 138.7416, 2, 0.5, 0]
[-0.3362, -0.0842, 138.7416, 2, 0.5, 0]
[-0.3352, -0.0842, 138.7416, 2, 0.5, 0]
[-0.3342, -0.0842, 138.7416, 2, 0.5, 0]
[-0.3332, -0.0842, 138.7416, 2, 0.5, 0]
[-0.3322, -0.0842, 138.7416, 2, 0.5, 0]
[-0.3312, -0.0842, 138.7416, 2, 0.5, 0]
[-0.3302, -0.0842, 138.7416, 2, 0.5, 0]
[-0.3292, -0.0842, 138.7416, 2, 0.5, 0]
[-0.3282, -0.0842, 138.7416, 2, 0.5, 0]
[-0.3272, -0.0842, 138.7416, 2, 0.5, 0]
[-0.3672, -0.0832, 138.7416, 2, 0.5, 0]
[-0.3662, -0.0832, 138.7416, 2, 0.5, 0]
[-0.3652, -0.0832, 138.7416, 2, 0.5, 0]
[-0.3642, -0.0832, 138.7416, 2, 0.5, 0]
[-0.3632, -0.0832, 138.7416, 2, 0.5, 0]
[-0.3622, -0.0832, 138.7416, 2, 0.5, 0]
[-0.3612, -0.0832, 138.7416, 2, 0.5, 0]
[-0.3602, -0.0832, 138.7416, 2, 0.5, 0]
[-0.3592, -0.0832, 138.7416, 2, 0.5, 0]
[-0.3582, -0.0832, 138.7416, 2, 0.5, 0]
[-0.3572, -0.0832, 138.7416, 2, 0.5, 0]
[-0.3562, -0.0832, 138.7416, 2, 0.5, 0]
[-0.3552, -0.0832, 138.7416, 2, 0.5, 0]
[-0.3542, -0.0832, 138.7416, 2, 0.5, 0]
[-0.3532, -0.0832, 138.7416, 2, 0.5, 0]
[-0.3522, -0.0832, 138.7416, 2, 0.5, 0]
[-0.3512, -0.0832, 138.7416, 2, 0.5, 0]
[-0.3502, -0.0832, 138.7416, 2, 0.5, 0]
[-0.3492, -0.0832, 138.7416, 2, 0.5, 0]
[-0.3482, -0.0832, 138.7416, 2, 0.5, 0]
[-0.3472, -0.0832, 138.7416, 2, 0.5, 0]
[-0.3462, -0.0832, 138.7416, 2, 0.5, 0]
[-0.3452, -0.0832, 138.7416, 2, 0.5, 0]
[-0.3442, -0.0832, 138.7416, 2, 0.5, 0]
[-0.3432, -0.0832, 138.7416, 2, 0.5, 0]
[-0.3422, -0.0832, 138.7416, 2, 0.5, 0]
[-0.3412, -0.0832, 138.7416, 2, 0.5, 0]
[-0.3402, -0.0832, 138.7416, 2, 0.5, 0]
[-0.3392, -0.0832, 138.7416, 2, 0.5, 0]
[-0.3382, -0.0832, 138.7416, 2, 0.5, 0]
[-0.3372, -0.0832, 138.7416, 2, 0.5, 0]
[-0.3362, -0.0832, 138.7416, 2, 0.5, 0]
[-0.3352, -0.0832, 138.7416, 2, 0.5, 0]
[-0.3342, -0.0832, 138.7416, 2, 0.5, 0]
[-0.3332, -0.0832, 138.7416, 2, 0.5, 0]
[-0.3322, -0.0832, 138.7416, 2, 0.5, 0]
[-0.3312, -0.0832, 138.7416, 2, 0.5, 0]
[-0.3302, -0.0832, 138.7416, 2, 0.5, 0]
[-0.3292, -0.0832, 138.7416, 2, 0.5, 0]
[-0.3282, -0.0832, 138.7416, 2, 0.5, 0]
[-0.3272, -0.0832, 138.7416, 2, 0.5, 0]
[-0.3672, -0.0822, 138.7416, 2, 0.5, 0]
[-0.3662, -0.0822, 138.7416, 2, 0.5, 0]
[-0.3652, -0.0822, 138.7416, 2, 0.5, 0]
[-0.3642, -0.0822, 138.7416, 2, 0.5, 0]
[-0.3632, -0.0822, 138.7416, 2, 0.5, 0]
[-0.3622, -0.0822, 138.7416, 2, 0.5, 0]
[-0.3612, -0.0822, 138.7416, 2, 0.5, 0]
[-0.3602, -0.0822, 138.7416, 2, 0.5, 0]
[-0.3592, -0.0822, 138.7416, 2, 0.5, 0]
[-0.3582, -0.0822, 138.7416, 2, 0.5, 0]
[-0.3572, -0.0822, 138.7416, 2, 0.5, 0]
[-0.3562, -0.0822, 138.7416, 2, 0.5, 0]
[-0.3552, -0.0822, 138.7416, 2, 0.5, 0]
[-0.3542, -0.0822, 138.7416, 2, 0.5, 0]
[-0.3532, -0.0822, 138.7416, 2, 0.5, 0]
[-0.3522, -0.0822, 138.7416, 2, 0.5, 0]
[-0.3512, -0.0822, 138.7416, 2, 0.5, 0]
[-0.3502, -0.0822, 138.7416, 2, 0.5, 0]
[-0.3492, -0.0822, 138.7416, 2, 0.5, 0]
[-0.3482, -0.0822, 138.7416, 2, 0.5, 0]
[-0.3472, -0.0822, 138.7416, 2, 0.5, 0]
[-0.3462, -0.0822, 138.7416, 2, 0.5, 0]
[-0.3452, -0.0822, 138.7416, 2, 0.5, 0]
[-0.3442, -0.0822, 138.7416, 2, 0.5, 0]
[-0.3432, -0.0822, 138.7416, 2, 0.5, 0]
[-0.3422, -0.0822, 138.7416, 2, 0.5, 0]
[-0.3412, -0.0822, 138.7416, 2, 0.5, 0]
[-0.3402, -0.0822, 138.7416, 2, 0.5, 0]
[-0.3392, -0.0822, 138.7416, 2, 0.5, 0]
[-0.3382, -0.0822, 138.7416, 2, 0.5, 0]
[-0.3372, -0.0822, 138.7416, 2, 0.5, 0]
[-0.3362, -0.0822, 138.7416, 2, 0.5, 0]
[-0.3352, -0.0822, 138.7416, 2, 0.5, 0]
[-0.3342, -0.0822, 138.7416, 2, 0.5, 0]
[-0.3332, -0.0822, 138.7416, 2, 0.5, 0]
[-0.3322, -0.0822, 138.7416, 2, 0.5, 0]
[-0.3312, -0.0822, 138.7416, 2, 0.5, 0]
[-0.3302, -0.0822, 138.7416, 2, 0.5, 0]
[-0.3292, -0.0822, 138.7416, 2, 0.5, 0]
[-0.3282, -0.0822, 138.7416, 2, 0.5, 0]
[-0.3272, -0.0822, 138.7416, 2, 0.5, 0]
[-0.3672, -0.0812, 138.7416, 2, 0.5, 0]
[-0.3662, -0.0812, 138.7416, 2, 0.5, 0]
[-0.3652, -0.0812, 138.7416, 2, 0.5, 0]
[-0.3642, -0.0812, 138.7416, 2, 0.5, 0]
[-0.3632, -0.0812, 138.7416, 2, 0.5, 0]
[-0.3622, -0.0812, 138.7416, 2, 0.5, 0]
[-0.3612, -0.0812, 138.7416, 2, 0.5, 0]
[-0.3602, -0.0812, 138.7416, 2, 0.5, 0]
[-0.3592, -0.0812, 138.7416, 2, 0.5, 0]
[-0.3582, -0.0812, 138.7416, 2, 0.5, 0]
[-0.3572, -0.0812, 138.7416, 2, 0.5, 0]
[-0.3562, -0.0812, 138.7416, 2, 0.5, 0]
[-0.3552, -0.0812, 138.7416, 2, 0.5, 0]
[-0.3542, -0.0812, 138.7416, 2, 0.5, 0]
[-0.3532, -0.0812, 138.7416, 2, 0.5, 0]
[-0.3522, -0.0812, 138.7416, 2, 0.5, 0]
[-0.3512, -0.0812, 138.7416, 2, 0.5, 0]
[-0.3502, -0.0812, 138.7416, 2, 0.5, 0]
[-0.3492, -0.0812, 138.7416, 2, 0.5, 0]
[-0.3482, -0.0812, 138.7416, 2, 0.5, 0]
[-0.3472, -0.0812, 138.7416, 2, 0.5, 0]
[-0.3462, -0.0812, 138.7416, 2, 0.5, 0]
[-0.3452, -0.0812, 138.7416, 2, 0.5, 0]
[-0.3442, -0.0812, 138.7416, 2, 0.5, 0]
[-0.3432, -0.0812, 138.7416, 2, 0.5, 0]
[-0.3422, -0.0812, 138.7416, 2, 0.5, 0]
[-0.3412, -0.0812, 138.7416, 2, 0.5, 0]
[-0.3402, -0.0812, 138.7416, 2, 0.5, 0]
[-0.3392, -0.0812, 138.7416, 2, 0.5, 0]
[-0.3382, -0.0812, 138.7416, 2, 0.5, 0]
[-0.3372, -0.0812, 138.7416, 2, 0.5, 0]
[-0.3362, -0.0812, 138.7416, 2, 0.5, 0]
[-0.3352, -0.0812, 138.7416, 2, 0.5, 0]
[-0.3342, -0.0812, 138.7416, 2, 0.5, 0]
[-0.3332, -0.0812, 138.7416, 2, 0.5, 0]
[-0.3322, -0.0812, 138.7416, 2, 0.5, 0]
[-0.3312, -0.0812, 138.7416, 2, 0.5, 0]
[-0.3302, -0.0812, 138.7416, 2, 0.5, 0]
[-0.3292, -0.0812, 138.7416, 2, 0.5, 0]
[-0.3282, -0.0812, 138.7416, 2, 0.5, 0]
[-0.3272, -0.0812, 138.7416, 2, 0.5, 0]
[-0.3672, -0.0802, 138.7416, 2, 0.5, 0]
[-0.3662, -0.0802, 138.7416, 2, 0.5, 0]
[-0.3652, -0.0802, 138.7416, 2, 0.5, 0]
[-0.3642, -0.0802, 138.7416, 2, 0.5, 0]
[-0.3632, -0.0802, 138.7416, 2, 0.5, 0]
[-0.3622, -0.0802, 138.7416, 2, 0.5, 0]
[-0.3612, -0.0802, 138.7416, 2, 0.5, 0]
[-0.3602, -0.0802, 138.7416, 2, 0.5, 0]
[-0.3592, -0.0802, 138.7416, 2, 0.5, 0]
[-0.3582, -0.0802, 138.7416, 2, 0.5, 0]
[-0.3572, -0.0802, 138.7416, 2, 0.5, 0]
[-0.3562, -0.0802, 138.7416, 2, 0.5, 0]
[-0.3552, -0.0802, 138.7416, 2, 0.5, 0]
[-0.3542, -0.0802, 138.7416, 2, 0.5, 0]
[-0.3532, -0.0802, 138.7416, 2, 0.5, 0]
[-0.3522, -0.0802, 138.7416, 2, 0.5, 0]
[-0.3512, -0.0802, 138.7416, 2, 0.5, 0]
[-0.3502, -0.0802, 138.7416, 2, 0.5, 0]
[-0.3492, -0.0802, 138.7416, 2, 0.5, 0]
[-0.3482, -0.0802, 138.7416, 2, 0.5, 0]
[-0.3472, -0.0802, 138.7416, 2, 0.5, 0]
[-0.3462, -0.0802, 138.7416, 2, 0.5, 0]
[-0.3452, -0.0802, 138.7416, 2, 0.5, 0]
[-0.3442, -0.0802, 138.7416, 2, 0.5, 0]
[-0.3432, -0.0802, 138.7416, 2, 0.5, 0]
[-0.3422, -0.0802, 138.7416, 2, 0.5, 0]
[-0.3412, -0.0802, 138.7416, 2, 0.5, 0]
[-0.3402, -0.0802, 138.7416, 2, 0.5, 0]
[-0.3392, -0.0802, 138.7416, 2, 0.5, 0]
[-0.3382, -0.0802, 138.7416, 2, 0.5, 0]
[-0.3372, -0.0802, 138.7416, 2, 0.5, 0]
[-0.3362, -0.0802, 138.7416, 2, 0.5, 0]
[-0.3352, -0.0802, 138.7416, 2, 0.5, 0]
[-0.3342, -0.0802, 138.7416, 2, 0.5, 0]
[-0.3332, -0.0802, 138.7416, 2, 0.5, 0]
[-0.3322, -0.0802, 138.7416, 2, 0.5, 0]
[-0.3312, -0.0802, 138.7416, 2, 0.5, 0]
[-0.3302, -0.0802, 138.7416, 2, 0.5, 0]
[-0.3292, -0.0802, 138.7416, 2, 0.5, 0]
[-0.3282, -0.0802, 138.7416, 2, 0.5, 0]
[-0.3272, -0.0802, 138.7416, 2, 0.5, 0]
[-0.3672, -0.07919999999999999, 138.7416, 2, 0.5, 0]
[-0.3662, -0.07919999999999999, 138.7416, 2, 0.5, 0]
[-0.3652, -0.07919999999999999, 138.7416, 2, 0.5, 0]
[-0.3642, -0.07919999999999999, 138.7416, 2, 0.5, 0]
[-0.3632, -0.07919999999999999, 138.7416, 2, 0.5, 0]
[-0.3622, -0.07919999999999999, 138.7416, 2, 0.5, 0]
[-0.3612, -0.07919999999999999, 138.7416, 2, 0.5, 0]
[-0.3602, -0.07919999999999999, 138.7416, 2, 0.5, 0]
[-0.3592, -0.07919999999999999, 138.7416, 2, 0.5, 0]
[-0.3582, -0.07919999999999999, 138.7416, 2, 0.5, 0]
[-0.3572, -0.07919999999999999, 138.7416, 2, 0.5, 0]
[-0.3562, -0.07919999999999999, 138.7416, 2, 0.5, 0]
[-0.3552, -0.07919999999999999, 138.7416, 2, 0.5, 0]
[-0.3542, -0.07919999999999999, 138.7416, 2, 0.5, 0]
[-0.3532, -0.07919999999999999, 138.7416, 2, 0.5, 0]
[-0.3522, -0.07919999999999999, 138.7416, 2, 0.5, 0]
[-0.3512, -0.07919999999999999, 138.7416, 2, 0.5, 0]
[-0.3502, -0.07919999999999999, 138.7416, 2, 0.5, 0]
[-0.3492, -0.07919999999999999, 138.7416, 2, 0.5, 0]
[-0.3482, -0.07919999999999999, 138.7416, 2, 0.5, 0]
[-0.3472, -0.07919999999999999, 138.7416, 2, 0.5, 0]
[-0.3462, -0.07919999999999999, 138.7416, 2, 0.5, 0]
[-0.3452, -0.07919999999999999, 138.7416, 2, 0.5, 0]
[-0.3442, -0.07919999999999999, 138.7416, 2, 0.5, 0]
[-0.3432, -0.07919999999999999, 138.7416, 2, 0.5, 0]
[-0.3422, -0.07919999999999999, 138.7416, 2, 0.5, 0]
[-0.3412, -0.07919999999999999, 138.7416, 2, 0.5, 0]
[-0.3402, -0.07919999999999999, 138.7416, 2, 0.5, 0]
[-0.3392, -0.07919999999999999, 138.7416, 2, 0.5, 0]
[-0.3382, -0.07919999999999999, 138.7416, 2, 0.5, 0]
[-0.3372, -0.07919999999999999, 138.7416, 2, 0.5, 0]
[-0.3362, -0.07919999999999999, 138.7416, 2, 0.5, 0]
[-0.3352, -0.07919999999999999, 138.7416, 2, 0.5, 0]
[-0.3342, -0.07919999999999999, 138.7416, 2, 0.5, 0]
[-0.3332, -0.07919999999999999, 138.7416, 2, 0.5, 0]
[-0.3322, -0.07919999999999999, 138.7416, 2, 0.5, 0]
[-0.3312, -0.07919999999999999, 138.7416, 2, 0.5, 0]
[-0.3302, -0.07919999999999999, 138.7416, 2, 0.5, 0]
[-0.3292, -0.07919999999999999, 138.7416, 2, 0.5, 0]
[-0.3282, -0.07919999999999999, 138.7416, 2, 0.5, 0]
[-0.3272, -0.07919999999999999, 138.7416, 2, 0.5, 0]
[-0.3672, -0.07819999999999999, 138.7416, 2, 0.5, 0]
[-0.3662, -0.07819999999999999, 138.7416, 2, 0.5, 0]
[-0.3652, -0.07819999999999999, 138.7416, 2, 0.5, 0]
[-0.3642, -0.07819999999999999, 138.7416, 2, 0.5, 0]
[-0.3632, -0.07819999999999999, 138.7416, 2, 0.5, 0]
[-0.3622, -0.07819999999999999, 138.7416, 2, 0.5, 0]
[-0.3612, -0.07819999999999999, 138.7416, 2, 0.5, 0]
[-0.3602, -0.07819999999999999, 138.7416, 2, 0.5, 0]
[-0.3592, -0.07819999999999999, 138.7416, 2, 0.5, 0]
[-0.3582, -0.07819999999999999, 138.7416, 2, 0.5, 0]
[-0.3572, -0.07819999999999999, 138.7416, 2, 0.5, 0]
[-0.3562, -0.07819999999999999, 138.7416, 2, 0.5, 0]
[-0.3552, -0.07819999999999999, 138.7416, 2, 0.5, 0]
[-0.3542, -0.07819999999999999, 138.7416, 2, 0.5, 0]
[-0.3532, -0.07819999999999999, 138.7416, 2, 0.5, 0]
[-0.3522, -0.07819999999999999, 138.7416, 2, 0.5, 0]
[-0.3512, -0.07819999999999999, 138.7416, 2, 0.5, 0]
[-0.3502, -0.07819999999999999, 138.7416, 2, 0.5, 0]
[-0.3492, -0.07819999999999999, 138.7416, 2, 0.5, 0]
[-0.3482, -0.07819999999999999, 138.7416, 2, 0.5, 0]
[-0.3472, -0.07819999999999999, 138.7416, 2, 0.5, 0]
[-0.3462, -0.07819999999999999, 138.7416, 2, 0.5, 0]
[-0.3452, -0.07819999999999999, 138.7416, 2, 0.5, 0]
[-0.3442, -0.07819999999999999, 138.7416, 2, 0.5, 0]
[-0.3432, -0.07819999999999999, 138.7416, 2, 0.5, 0]
[-0.3422, -0.07819999999999999, 138.7416, 2, 0.5, 0]
[-0.3412, -0.07819999999999999, 138.7416, 2, 0.5, 0]
[-0.3402, -0.07819999999999999, 138.7416, 2, 0.5, 0]
[-0.3392, -0.07819999999999999, 138.7416, 2, 0.5, 0]
[-0.3382, -0.07819999999999999, 138.7416, 2, 0.5, 0]
[-0.3372, -0.07819999999999999, 138.7416, 2, 0.5, 0]
[-0.3362, -0.07819999999999999, 138.7416, 2, 0.5, 0]
[-0.3352, -0.07819999999999999, 138.7416, 2, 0.5, 0]
[-0.3342, -0.07819999999999999, 138.7416, 2, 0.5, 0]
[-0.3332, -0.07819999999999999, 138.7416, 2, 0.5, 0]
[-0.3322, -0.07819999999999999, 138.7416, 2, 0.5, 0]
[-0.3312, -0.07819999999999999, 138.7416, 2, 0.5, 0]
[-0.3302, -0.07819999999999999, 138.7416, 2, 0.5, 0]
[-0.3292, -0.07819999999999999, 138.7416, 2, 0.5, 0]
[-0.3282, -0.07819999999999999, 138.7416, 2, 0.5, 0]
[-0.3272, -0.07819999999999999, 138.7416, 2, 0.5, 0]
[-0.3672, -0.07719999999999999, 138.7416, 2, 0.5, 0]
[-0.3662, -0.07719999999999999, 138.7416, 2, 0.5, 0]
[-0.3652, -0.07719999999999999, 138.7416, 2, 0.5, 0]
[-0.3642, -0.07719999999999999, 138.7416, 2, 0.5, 0]
[-0.3632, -0.07719999999999999, 138.7416, 2, 0.5, 0]
[-0.3622, -0.07719999999999999, 138.7416, 2, 0.5, 0]
[-0.3612, -0.07719999999999999, 138.7416, 2, 0.5, 0]
[-0.3602, -0.07719999999999999, 138.7416, 2, 0.5, 0]
[-0.3592, -0.07719999999999999, 138.7416, 2, 0.5, 0]
[-0.3582, -0.07719999999999999, 138.7416, 2, 0.5, 0]
[-0.3572, -0.07719999999999999, 138.7416, 2, 0.5, 0]
[-0.3562, -0.07719999999999999, 138.7416, 2, 0.5, 0]
[-0.3552, -0.07719999999999999, 138.7416, 2, 0.5, 0]
[-0.3542, -0.07719999999999999, 138.7416, 2, 0.5, 0]
[-0.3532, -0.07719999999999999, 138.7416, 2, 0.5, 0]
[-0.3522, -0.07719999999999999, 138.7416, 2, 0.5, 0]
[-0.3512, -0.07719999999999999, 138.7416, 2, 0.5, 0]
[-0.3502, -0.07719999999999999, 138.7416, 2, 0.5, 0]
[-0.3492, -0.07719999999999999, 138.7416, 2, 0.5, 0]
[-0.3482, -0.07719999999999999, 138.7416, 2, 0.5, 0]
[-0.3472, -0.07719999999999999, 138.7416, 2, 0.5, 0]
[-0.3462, -0.07719999999999999, 138.7416, 2, 0.5, 0]
[-0.3452, -0.07719999999999999, 138.7416, 2, 0.5, 0]
[-0.3442, -0.07719999999999999, 138.7416, 2, 0.5, 0]
[-0.3432, -0.07719999999999999, 138.7416, 2, 0.5, 0]
[-0.3422, -0.07719999999999999, 138.7416, 2, 0.5, 0]
[-0.3412, -0.07719999999999999, 138.7416, 2, 0.5, 0]
[-0.3402, -0.07719999999999999, 138.7416, 2, 0.5, 0]
[-0.3392, -0.07719999999999999, 138.7416, 2, 0.5, 0]
[-0.3382, -0.07719999999999999, 138.7416, 2, 0.5, 0]
[-0.3372, -0.07719999999999999, 138.7416, 2, 0.5, 0]
[-0.3362, -0.07719999999999999, 138.7416, 2, 0.5, 0]
[-0.3352, -0.07719999999999999, 138.7416, 2, 0.5, 0]
[-0.3342, -0.07719999999999999, 138.7416, 2, 0.5, 0]
[-0.3332, -0.07719999999999999, 138.7416, 2, 0.5, 0]
[-0.3322, -0.07719999999999999, 138.7416, 2, 0.5, 0]
[-0.3312, -0.07719999999999999, 138.7416, 2, 0.5, 0]
[-0.3302, -0.07719999999999999, 138.7416, 2, 0.5, 0]
[-0.3292, -0.07719999999999999, 138.7416, 2, 0.5, 0]
[-0.3282, -0.07719999999999999, 138.7416, 2, 0.5, 0]
[-0.3272, -0.07719999999999999, 138.7416, 2, 0.5, 0]
[-0.3672, -0.07619999999999999, 138.7416, 2, 0.5, 0]
[-0.3662, -0.07619999999999999, 138.7416, 2, 0.5, 0]
[-0.3652, -0.07619999999999999, 138.7416, 2, 0.5, 0]
[-0.3642, -0.07619999999999999, 138.7416, 2, 0.5, 0]
[-0.3632, -0.07619999999999999, 138.7416, 2, 0.5, 0]
[-0.3622, -0.07619999999999999, 138.7416, 2, 0.5, 0]
[-0.3612, -0.07619999999999999, 138.7416, 2, 0.5, 0]
[-0.3602, -0.07619999999999999, 138.7416, 2, 0.5, 0]
[-0.3592, -0.07619999999999999, 138.7416, 2, 0.5, 0]
[-0.3582, -0.07619999999999999, 138.7416, 2, 0.5, 0]
[-0.3572, -0.07619999999999999, 138.7416, 2, 0.5, 0]
[-0.3562, -0.07619999999999999, 138.7416, 2, 0.5, 0]
[-0.3552, -0.07619999999999999, 138.7416, 2, 0.5, 0]
[-0.3542, -0.07619999999999999, 138.7416, 2, 0.5, 0]
[-0.3532, -0.07619999999999999, 138.7416, 2, 0.5, 0]
[-0.3522, -0.07619999999999999, 138.7416, 2, 0.5, 0]
[-0.3512, -0.07619999999999999, 138.7416, 2, 0.5, 0]
[-0.3502, -0.07619999999999999, 138.7416, 2, 0.5, 0]
[-0.3492, -0.07619999999999999, 138.7416, 2, 0.5, 0]
[-0.3482, -0.07619999999999999, 138.7416, 2, 0.5, 0]
[-0.3472, -0.07619999999999999, 138.7416, 2, 0.5, 0]
[-0.3462, -0.07619999999999999, 138.7416, 2, 0.5, 0]
[-0.3452, -0.07619999999999999, 138.7416, 2, 0.5, 0]
[-0.3442, -0.07619999999999999, 138.7416, 2, 0.5, 0]
[-0.3432, -0.07619999999999999, 138.7416, 2, 0.5, 0]
[-0.3422, -0.07619999999999999, 138.7416, 2, 0.5, 0]
[-0.3412, -0.07619999999999999, 138.7416, 2, 0.5, 0]
[-0.3402, -0.07619999999999999, 138.7416, 2, 0.5, 0]
[-0.3392, -0.07619999999999999, 138.7416, 2, 0.5, 0]
[-0.3382, -0.07619999999999999, 138.7416, 2, 0.5, 0]
[-0.3372, -0.07619999999999999, 138.7416, 2, 0.5, 0]
[-0.3362, -0.07619999999999999, 138.7416, 2, 0.5, 0]
[-0.3352, -0.07619999999999999, 138.7416, 2, 0.5, 0]
[-0.3342, -0.07619999999999999, 138.7416, 2, 0.5, 0]
[-0.3332, -0.07619999999999999, 138.7416, 2, 0.5, 0]
[-0.3322, -0.07619999999999999, 138.7416, 2, 0.5, 0]
[-0.3312, -0.07619999999999999, 138.7416, 2, 0.5, 0]
[-0.3302, -0.07619999999999999, 138.7416, 2, 0.5, 0]
[-0.3292, -0.07619999999999999, 138.7416, 2, 0.5, 0]
[-0.3282, -0.07619999999999999, 138.7416, 2, 0.5, 0]
[-0.3272, -0.07619999999999999, 138.7416, 2, 0.5, 0]
[-0.3672, -0.07519999999999999, 138.7416, 2, 0.5, 0]
[-0.3662, -0.07519999999999999, 138.7416, 2, 0.5, 0]
[-0.3652, -0.07519999999999999, 138.7416, 2, 0.5, 0]
[-0.3642, -0.07519999999999999, 138.7416, 2, 0.5, 0]
[-0.3632, -0.07519999999999999, 138.7416, 2, 0.5, 0]
[-0.3622, -0.07519999999999999, 138.7416, 2, 0.5, 0]
[-0.3612, -0.07519999999999999, 138.7416, 2, 0.5, 0]
[-0.3602, -0.07519999999999999, 138.7416, 2, 0.5, 0]
[-0.3592, -0.07519999999999999, 138.7416, 2, 0.5, 0]
[-0.3582, -0.07519999999999999, 138.7416, 2, 0.5, 0]
[-0.3572, -0.07519999999999999, 138.7416, 2, 0.5, 0]
[-0.3562, -0.07519999999999999, 138.7416, 2, 0.5, 0]
[-0.3552, -0.07519999999999999, 138.7416, 2, 0.5, 0]
[-0.3542, -0.07519999999999999, 138.7416, 2, 0.5, 0]
[-0.3532, -0.07519999999999999, 138.7416, 2, 0.5, 0]
[-0.3522, -0.07519999999999999, 138.7416, 2, 0.5, 0]
[-0.3512, -0.07519999999999999, 138.7416, 2, 0.5, 0]
[-0.3502, -0.07519999999999999, 138.7416, 2, 0.5, 0]
[-0.3492, -0.07519999999999999, 138.7416, 2, 0.5, 0]
[-0.3482, -0.07519999999999999, 138.7416, 2, 0.5, 0]
[-0.3472, -0.07519999999999999, 138.7416, 2, 0.5, 0]
[-0.3462, -0.07519999999999999, 138.7416, 2, 0.5, 0]
[-0.3452, -0.07519999999999999, 138.7416, 2, 0.5, 0]
[-0.3442, -0.07519999999999999, 138.7416, 2, 0.5, 0]
[-0.3432, -0.07519999999999999, 138.7416, 2, 0.5, 0]
[-0.3422, -0.07519999999999999, 138.7416, 2, 0.5, 0]
[-0.3412, -0.07519999999999999, 138.7416, 2, 0.5, 0]
[-0.3402, -0.07519999999999999, 138.7416, 2, 0.5, 0]
[-0.3392, -0.07519999999999999, 138.7416, 2, 0.5, 0]
[-0.3382, -0.07519999999999999, 138.7416, 2, 0.5, 0]
[-0.3372, -0.07519999999999999, 138.7416, 2, 0.5, 0]
[-0.3362, -0.07519999999999999, 138.7416, 2, 0.5, 0]
[-0.3352, -0.07519999999999999, 138.7416, 2, 0.5, 0]
[-0.3342, -0.07519999999999999, 138.7416, 2, 0.5, 0]
[-0.3332, -0.07519999999999999, 138.7416, 2, 0.5, 0]
[-0.3322, -0.07519999999999999, 138.7416, 2, 0.5, 0]
[-0.3312, -0.07519999999999999, 138.7416, 2, 0.5, 0]
[-0.3302, -0.07519999999999999, 138.7416, 2, 0.5, 0]
[-0.3292, -0.07519999999999999, 138.7416, 2, 0.5, 0]
[-0.3282, -0.07519999999999999, 138.7416, 2, 0.5, 0]
[-0.3272, -0.07519999999999999, 138.7416, 2, 0.5, 0]
[-0.3672, -0.07419999999999999, 138.7416, 2, 0.5, 0]
[-0.3662, -0.07419999999999999, 138.7416, 2, 0.5, 0]
[-0.3652, -0.07419999999999999, 138.7416, 2, 0.5, 0]
[-0.3642, -0.07419999999999999, 138.7416, 2, 0.5, 0]
[-0.3632, -0.07419999999999999, 138.7416, 2, 0.5, 0]
[-0.3622, -0.07419999999999999, 138.7416, 2, 0.5, 0]
[-0.3612, -0.07419999999999999, 138.7416, 2, 0.5, 0]
[-0.3602, -0.07419999999999999, 138.7416, 2, 0.5, 0]
[-0.3592, -0.07419999999999999, 138.7416, 2, 0.5, 0]
[-0.3582, -0.07419999999999999, 138.7416, 2, 0.5, 0]
[-0.3572, -0.07419999999999999, 138.7416, 2, 0.5, 0]
[-0.3562, -0.07419999999999999, 138.7416, 2, 0.5, 0]
[-0.3552, -0.07419999999999999, 138.7416, 2, 0.5, 0]
[-0.3542, -0.07419999999999999, 138.7416, 2, 0.5, 0]
[-0.3532, -0.07419999999999999, 138.7416, 2, 0.5, 0]
[-0.3522, -0.07419999999999999, 138.7416, 2, 0.5, 0]
[-0.3512, -0.07419999999999999, 138.7416, 2, 0.5, 0]
[-0.3502, -0.07419999999999999, 138.7416, 2, 0.5, 0]
[-0.3492, -0.07419999999999999, 138.7416, 2, 0.5, 0]
[-0.3482, -0.07419999999999999, 138.7416, 2, 0.5, 0]
[-0.3472, -0.07419999999999999, 138.7416, 2, 0.5, 0]
[-0.3462, -0.07419999999999999, 138.7416, 2, 0.5, 0]
[-0.3452, -0.07419999999999999, 138.7416, 2, 0.5, 0]
[-0.3442, -0.07419999999999999, 138.7416, 2, 0.5, 0]
[-0.3432, -0.07419999999999999, 138.7416, 2, 0.5, 0]
[-0.3422, -0.07419999999999999, 138.7416, 2, 0.5, 0]
[-0.3412, -0.07419999999999999, 138.7416, 2, 0.5, 0]
[-0.3402, -0.07419999999999999, 138.7416, 2, 0.5, 0]
[-0.3392, -0.07419999999999999, 138.7416, 2, 0.5, 0]
[-0.3382, -0.07419999999999999, 138.7416, 2, 0.5, 0]
[-0.3372, -0.07419999999999999, 138.7416, 2, 0.5, 0]
[-0.3362, -0.07419999999999999, 138.7416, 2, 0.5, 0]
[-0.3352, -0.07419999999999999, 138.7416, 2, 0.5, 0]
[-0.3342, -0.07419999999999999, 138.7416, 2, 0.5, 0]
[-0.3332, -0.07419999999999999, 138.7416, 2, 0.5, 0]
[-0.3322, -0.07419999999999999, 138.7416, 2, 0.5, 0]
[-0.3312, -0.07419999999999999, 138.7416, 2, 0.5, 0]
[-0.3302, -0.07419999999999999, 138.7416, 2, 0.5, 0]
[-0.3292, -0.07419999999999999, 138.7416, 2, 0.5, 0]
[-0.3282, -0.07419999999999999, 138.7416, 2, 0.5, 0]
[-0.3272, -0.07419999999999999, 138.7416, 2, 0.5, 0]
[-0.3672, -0.07319999999999999, 138.7416, 2, 0.5, 0]
[-0.3662, -0.07319999999999999, 138.7416, 2, 0.5, 0]
[-0.3652, -0.07319999999999999, 138.7416, 2, 0.5, 0]
[-0.3642, -0.07319999999999999, 138.7416, 2, 0.5, 0]
[-0.3632, -0.07319999999999999, 138.7416, 2, 0.5, 0]
[-0.3622, -0.07319999999999999, 138.7416, 2, 0.5, 0]
[-0.3612, -0.07319999999999999, 138.7416, 2, 0.5, 0]
[-0.3602, -0.07319999999999999, 138.7416, 2, 0.5, 0]
[-0.3592, -0.07319999999999999, 138.7416, 2, 0.5, 0]
[-0.3582, -0.07319999999999999, 138.7416, 2, 0.5, 0]
[-0.3572, -0.07319999999999999, 138.7416, 2, 0.5, 0]
[-0.3562, -0.07319999999999999, 138.7416, 2, 0.5, 0]
[-0.3552, -0.07319999999999999, 138.7416, 2, 0.5, 0]
[-0.3542, -0.07319999999999999, 138.7416, 2, 0.5, 0]
[-0.3532, -0.07319999999999999, 138.7416, 2, 0.5, 0]
[-0.3522, -0.07319999999999999, 138.7416, 2, 0.5, 0]
[-0.3512, -0.07319999999999999, 138.7416, 2, 0.5, 0]
[-0.3502, -0.07319999999999999, 138.7416, 2, 0.5, 0]
[-0.3492, -0.07319999999999999, 138.7416, 2, 0.5, 0]
[-0.3482, -0.07319999999999999, 138.7416, 2, 0.5, 0]
[-0.3472, -0.07319999999999999, 138.7416, 2, 0.5, 0]
[-0.3462, -0.07319999999999999, 138.7416, 2, 0.5, 0]
[-0.3452, -0.07319999999999999, 138.7416, 2, 0.5, 0]
[-0.3442, -0.07319999999999999, 138.7416, 2, 0.5, 0]
[-0.3432, -0.07319999999999999, 138.7416, 2, 0.5, 0]
[-0.3422, -0.07319999999999999, 138.7416, 2, 0.5, 0]
[-0.3412, -0.07319999999999999, 138.7416, 2, 0.5, 0]
[-0.3402, -0.07319999999999999, 138.7416, 2, 0.5, 0]
[-0.3392, -0.07319999999999999, 138.7416, 2, 0.5, 0]
[-0.3382, -0.07319999999999999, 138.7416, 2, 0.5, 0]
[-0.3372, -0.07319999999999999, 138.7416, 2, 0.5, 0]
[-0.3362, -0.07319999999999999, 138.7416, 2, 0.5, 0]
[-0.3352, -0.07319999999999999, 138.7416, 2, 0.5, 0]
[-0.3342, -0.07319999999999999, 138.7416, 2, 0.5, 0]
[-0.3332, -0.07319999999999999, 138.7416, 2, 0.5, 0]
[-0.3322, -0.07319999999999999, 138.7416, 2, 0.5, 0]
[-0.3312, -0.07319999999999999, 138.7416, 2, 0.5, 0]
[-0.3302, -0.07319999999999999, 138.7416, 2, 0.5, 0]
[-0.3292, -0.07319999999999999, 138.7416, 2, 0.5, 0]
[-0.3282, -0.07319999999999999, 138.7416, 2, 0.5, 0]
[-0.3272, -0.07319999999999999, 138.7416, 2, 0.5, 0]
[-0.3672, -0.07219999999999999, 138.7416, 2, 0.5, 0]
[-0.3662, -0.07219999999999999, 138.7416, 2, 0.5, 0]
[-0.3652, -0.07219999999999999, 138.7416, 2, 0.5, 0]
[-0.3642, -0.07219999999999999, 138.7416, 2, 0.5, 0]
[-0.3632, -0.07219999999999999, 138.7416, 2, 0.5, 0]
[-0.3622, -0.07219999999999999, 138.7416, 2, 0.5, 0]
[-0.3612, -0.07219999999999999, 138.7416, 2, 0.5, 0]
[-0.3602, -0.07219999999999999, 138.7416, 2, 0.5, 0]
[-0.3592, -0.07219999999999999, 138.7416, 2, 0.5, 0]
[-0.3582, -0.07219999999999999, 138.7416, 2, 0.5, 0]
[-0.3572, -0.07219999999999999, 138.7416, 2, 0.5, 0]
[-0.3562, -0.07219999999999999, 138.7416, 2, 0.5, 0]
[-0.3552, -0.07219999999999999, 138.7416, 2, 0.5, 0]
[-0.3542, -0.07219999999999999, 138.7416, 2, 0.5, 0]
[-0.3532, -0.07219999999999999, 138.7416, 2, 0.5, 0]
[-0.3522, -0.07219999999999999, 138.7416, 2, 0.5, 0]
[-0.3512, -0.07219999999999999, 138.7416, 2, 0.5, 0]
[-0.3502, -0.07219999999999999, 138.7416, 2, 0.5, 0]
[-0.3492, -0.07219999999999999, 138.7416, 2, 0.5, 0]
[-0.3482, -0.07219999999999999, 138.7416, 2, 0.5, 0]
[-0.3472, -0.07219999999999999, 138.7416, 2, 0.5, 0]
[-0.3462, -0.07219999999999999, 138.7416, 2, 0.5, 0]
[-0.3452, -0.07219999999999999, 138.7416, 2, 0.5, 0]
[-0.3442, -0.07219999999999999, 138.7416, 2, 0.5, 0]
[-0.3432, -0.07219999999999999, 138.7416, 2, 0.5, 0]
[-0.3422, -0.07219999999999999, 138.7416, 2, 0.5, 0]
[-0.3412, -0.07219999999999999, 138.7416, 2, 0.5, 0]
[-0.3402, -0.07219999999999999, 138.7416, 2, 0.5, 0]
[-0.3392, -0.07219999999999999, 138.7416, 2, 0.5, 0]
[-0.3382, -0.07219999999999999, 138.7416, 2, 0.5, 0]
[-0.3372, -0.07219999999999999, 138.7416, 2, 0.5, 0]
[-0.3362, -0.07219999999999999, 138.7416, 2, 0.5, 0]
[-0.3352, -0.07219999999999999, 138.7416, 2, 0.5, 0]
[-0.3342, -0.07219999999999999, 138.7416, 2, 0.5, 0]
[-0.3332, -0.07219999999999999, 138.7416, 2, 0.5, 0]
[-0.3322, -0.07219999999999999, 138.7416, 2, 0.5, 0]
[-0.3312, -0.07219999999999999, 138.7416, 2, 0.5, 0]
[-0.3302, -0.07219999999999999, 138.7416, 2, 0.5, 0]
[-0.3292, -0.07219999999999999, 138.7416, 2, 0.5, 0]
[-0.3282, -0.07219999999999999, 138.7416, 2, 0.5, 0]
[-0.3272, -0.07219999999999999, 138.7416, 2, 0.5, 0]
[-0.3672, -0.07119999999999999, 138.7416, 2, 0.5, 0]
[-0.3662, -0.07119999999999999, 138.7416, 2, 0.5, 0]
[-0.3652, -0.07119999999999999, 138.7416, 2, 0.5, 0]
[-0.3642, -0.07119999999999999, 138.7416, 2, 0.5, 0]
[-0.3632, -0.07119999999999999, 138.7416, 2, 0.5, 0]
[-0.3622, -0.07119999999999999, 138.7416, 2, 0.5, 0]
[-0.3612, -0.07119999999999999, 138.7416, 2, 0.5, 0]
[-0.3602, -0.07119999999999999, 138.7416, 2, 0.5, 0]
[-0.3592, -0.07119999999999999, 138.7416, 2, 0.5, 0]
[-0.3582, -0.07119999999999999, 138.7416, 2, 0.5, 0]
[-0.3572, -0.07119999999999999, 138.7416, 2, 0.5, 0]
[-0.3562, -0.07119999999999999, 138.7416, 2, 0.5, 0]
[-0.3552, -0.07119999999999999, 138.7416, 2, 0.5, 0]
[-0.3542, -0.07119999999999999, 138.7416, 2, 0.5, 0]
[-0.3532, -0.07119999999999999, 138.7416, 2, 0.5, 0]
[-0.3522, -0.07119999999999999, 138.7416, 2, 0.5, 0]
[-0.3512, -0.07119999999999999, 138.7416, 2, 0.5, 0]
[-0.3502, -0.07119999999999999, 138.7416, 2, 0.5, 0]
[-0.3492, -0.07119999999999999, 138.7416, 2, 0.5, 0]
[-0.3482, -0.07119999999999999, 138.7416, 2, 0.5, 0]
[-0.3472, -0.07119999999999999, 138.7416, 2, 0.5, 0]
[-0.3462, -0.07119999999999999, 138.7416, 2, 0.5, 0]
[-0.3452, -0.07119999999999999, 138.7416, 2, 0.5, 0]
[-0.3442, -0.07119999999999999, 138.7416, 2, 0.5, 0]
[-0.3432, -0.07119999999999999, 138.7416, 2, 0.5, 0]
[-0.3422, -0.07119999999999999, 138.7416, 2, 0.5, 0]
[-0.3412, -0.07119999999999999, 138.7416, 2, 0.5, 0]
[-0.3402, -0.07119999999999999, 138.7416, 2, 0.5, 0]
[-0.3392, -0.07119999999999999, 138.7416, 2, 0.5, 0]
[-0.3382, -0.07119999999999999, 138.7416, 2, 0.5, 0]
[-0.3372, -0.07119999999999999, 138.7416, 2, 0.5, 0]
[-0.3362, -0.07119999999999999, 138.7416, 2, 0.5, 0]
[-0.3352, -0.07119999999999999, 138.7416, 2, 0.5, 0]
[-0.3342, -0.07119999999999999, 138.7416, 2, 0.5, 0]
[-0.3332, -0.07119999999999999, 138.7416, 2, 0.5, 0]
[-0.3322, -0.07119999999999999, 138.7416, 2, 0.5, 0]
[-0.3312, -0.07119999999999999, 138.7416, 2, 0.5, 0]
[-0.3302, -0.07119999999999999, 138.7416, 2, 0.5, 0]
[-0.3292, -0.07119999999999999, 138.7416, 2, 0.5, 0]
[-0.3282, -0.07119999999999999, 138.7416, 2, 0.5, 0]
[-0.3272, -0.07119999999999999, 138.7416, 2, 0.5, 0]
[-0.3672, -0.07019999999999998, 138.7416, 2, 0.5, 0]
[-0.3662, -0.07019999999999998, 138.7416, 2, 0.5, 0]
[-0.3652, -0.07019999999999998, 138.7416, 2, 0.5, 0]
[-0.3642, -0.07019999999999998, 138.7416, 2, 0.5, 0]
[-0.3632, -0.07019999999999998, 138.7416, 2, 0.5, 0]
[-0.3622, -0.07019999999999998, 138.7416, 2, 0.5, 0]
[-0.3612, -0.07019999999999998, 138.7416, 2, 0.5, 0]
[-0.3602, -0.07019999999999998, 138.7416, 2, 0.5, 0]
[-0.3592, -0.07019999999999998, 138.7416, 2, 0.5, 0]
[-0.3582, -0.07019999999999998, 138.7416, 2, 0.5, 0]
[-0.3572, -0.07019999999999998, 138.7416, 2, 0.5, 0]
[-0.3562, -0.07019999999999998, 138.7416, 2, 0.5, 0]
[-0.3552, -0.07019999999999998, 138.7416, 2, 0.5, 0]
[-0.3542, -0.07019999999999998, 138.7416, 2, 0.5, 0]
[-0.3532, -0.07019999999999998, 138.7416, 2, 0.5, 0]
[-0.3522, -0.07019999999999998, 138.7416, 2, 0.5, 0]
[-0.3512, -0.07019999999999998, 138.7416, 2, 0.5, 0]
[-0.3502, -0.07019999999999998, 138.7416, 2, 0.5, 0]
[-0.3492, -0.07019999999999998, 138.7416, 2, 0.5, 0]
[-0.3482, -0.07019999999999998, 138.7416, 2, 0.5, 0]
[-0.3472, -0.07019999999999998, 138.7416, 2, 0.5, 0]
[-0.3462, -0.07019999999999998, 138.7416, 2, 0.5, 0]
[-0.3452, -0.07019999999999998, 138.7416, 2, 0.5, 0]
[-0.3442, -0.07019999999999998, 138.7416, 2, 0.5, 0]
[-0.3432, -0.07019999999999998, 138.7416, 2, 0.5, 0]
[-0.3422, -0.07019999999999998, 138.7416, 2, 0.5, 0]
[-0.3412, -0.07019999999999998, 138.7416, 2, 0.5, 0]
[-0.3402, -0.07019999999999998, 138.7416, 2, 0.5, 0]
[-0.3392, -0.07019999999999998, 138.7416, 2, 0.5, 0]
[-0.3382, -0.07019999999999998, 138.7416, 2, 0.5, 0]
[-0.3372, -0.07019999999999998, 138.7416, 2, 0.5, 0]
[-0.3362, -0.07019999999999998, 138.7416, 2, 0.5, 0]
[-0.3352, -0.07019999999999998, 138.7416, 2, 0.5, 0]
[-0.3342, -0.07019999999999998, 138.7416, 2, 0.5, 0]
[-0.3332, -0.07019999999999998, 138.7416, 2, 0.5, 0]
[-0.3322, -0.07019999999999998, 138.7416, 2, 0.5, 0]
[-0.3312, -0.07019999999999998, 138.7416, 2, 0.5, 0]
[-0.3302, -0.07019999999999998, 138.7416, 2, 0.5, 0]
[-0.3292, -0.07019999999999998, 138.7416, 2, 0.5, 0]
[-0.3282, -0.07019999999999998, 138.7416, 2, 0.5, 0]
[-0.3272, -0.07019999999999998, 138.7416, 2, 0.5, 0]
[-0.3672, -0.06919999999999998, 138.7416, 2, 0.5, 0]
[-0.3662, -0.06919999999999998, 138.7416, 2, 0.5, 0]
[-0.3652, -0.06919999999999998, 138.7416, 2, 0.5, 0]
[-0.3642, -0.06919999999999998, 138.7416, 2, 0.5, 0]
[-0.3632, -0.06919999999999998, 138.7416, 2, 0.5, 0]
[-0.3622, -0.06919999999999998, 138.7416, 2, 0.5, 0]
[-0.3612, -0.06919999999999998, 138.7416, 2, 0.5, 0]
[-0.3602, -0.06919999999999998, 138.7416, 2, 0.5, 0]
[-0.3592, -0.06919999999999998, 138.7416, 2, 0.5, 0]
[-0.3582, -0.06919999999999998, 138.7416, 2, 0.5, 0]
[-0.3572, -0.06919999999999998, 138.7416, 2, 0.5, 0]
[-0.3562, -0.06919999999999998, 138.7416, 2, 0.5, 0]
[-0.3552, -0.06919999999999998, 138.7416, 2, 0.5, 0]
[-0.3542, -0.06919999999999998, 138.7416, 2, 0.5, 0]
[-0.3532, -0.06919999999999998, 138.7416, 2, 0.5, 0]
[-0.3522, -0.06919999999999998, 138.7416, 2, 0.5, 0]
[-0.3512, -0.06919999999999998, 138.7416, 2, 0.5, 0]
[-0.3502, -0.06919999999999998, 138.7416, 2, 0.5, 0]
[-0.3492, -0.06919999999999998, 138.7416, 2, 0.5, 0]
[-0.3482, -0.06919999999999998, 138.7416, 2, 0.5, 0]
[-0.3472, -0.06919999999999998, 138.7416, 2, 0.5, 0]
[-0.3462, -0.06919999999999998, 138.7416, 2, 0.5, 0]
[-0.3452, -0.06919999999999998, 138.7416, 2, 0.5, 0]
[-0.3442, -0.06919999999999998, 138.7416, 2, 0.5, 0]
[-0.3432, -0.06919999999999998, 138.7416, 2, 0.5, 0]
[-0.3422, -0.06919999999999998, 138.7416, 2, 0.5, 0]
[-0.3412, -0.06919999999999998, 138.7416, 2, 0.5, 0]
[-0.3402, -0.06919999999999998, 138.7416, 2, 0.5, 0]
[-0.3392, -0.06919999999999998, 138.7416, 2, 0.5, 0]
[-0.3382, -0.06919999999999998, 138.7416, 2, 0.5, 0]
[-0.3372, -0.06919999999999998, 138.7416, 2, 0.5, 0]
[-0.3362, -0.06919999999999998, 138.7416, 2, 0.5, 0]
[-0.3352, -0.06919999999999998, 138.7416, 2, 0.5, 0]
[-0.3342, -0.06919999999999998, 138.7416, 2, 0.5, 0]
[-0.3332, -0.06919999999999998, 138.7416, 2, 0.5, 0]
[-0.3322, -0.06919999999999998, 138.7416, 2, 0.5, 0]
[-0.3312, -0.06919999999999998, 138.7416, 2, 0.5, 0]
[-0.3302, -0.06919999999999998, 138.7416, 2, 0.5, 0]
[-0.3292, -0.06919999999999998, 138.7416, 2, 0.5, 0]
[-0.3282, -0.06919999999999998, 138.7416, 2, 0.5, 0]
[-0.3272, -0.06919999999999998, 138.7416, 2, 0.5, 0]
[-0.3672, -0.06819999999999998, 138.7416, 2, 0.5, 0]
[-0.3662, -0.06819999999999998, 138.7416, 2, 0.5, 0]
[-0.3652, -0.06819999999999998, 138.7416, 2, 0.5, 0]
[-0.3642, -0.06819999999999998, 138.7416, 2, 0.5, 0]
[-0.3632, -0.06819999999999998, 138.7416, 2, 0.5, 0]
[-0.3622, -0.06819999999999998, 138.7416, 2, 0.5, 0]
[-0.3612, -0.06819999999999998, 138.7416, 2, 0.5, 0]
[-0.3602, -0.06819999999999998, 138.7416, 2, 0.5, 0]
[-0.3592, -0.06819999999999998, 138.7416, 2, 0.5, 0]
[-0.3582, -0.06819999999999998, 138.7416, 2, 0.5, 0]
[-0.3572, -0.06819999999999998, 138.7416, 2, 0.5, 0]
[-0.3562, -0.06819999999999998, 138.7416, 2, 0.5, 0]
[-0.3552, -0.06819999999999998, 138.7416, 2, 0.5, 0]
[-0.3542, -0.06819999999999998, 138.7416, 2, 0.5, 0]
[-0.3532, -0.06819999999999998, 138.7416, 2, 0.5, 0]
[-0.3522, -0.06819999999999998, 138.7416, 2, 0.5, 0]
[-0.3512, -0.06819999999999998, 138.7416, 2, 0.5, 0]
[-0.3502, -0.06819999999999998, 138.7416, 2, 0.5, 0]
[-0.3492, -0.06819999999999998, 138.7416, 2, 0.5, 0]
[-0.3482, -0.06819999999999998, 138.7416, 2, 0.5, 0]
[-0.3472, -0.06819999999999998, 138.7416, 2, 0.5, 0]
[-0.3462, -0.06819999999999998, 138.7416, 2, 0.5, 0]
[-0.3452, -0.06819999999999998, 138.7416, 2, 0.5, 0]
[-0.3442, -0.06819999999999998, 138.7416, 2, 0.5, 0]
[-0.3432, -0.06819999999999998, 138.7416, 2, 0.5, 0]
[-0.3422, -0.06819999999999998, 138.7416, 2, 0.5, 0]
[-0.3412, -0.06819999999999998, 138.7416, 2, 0.5, 0]
[-0.3402, -0.06819999999999998, 138.7416, 2, 0.5, 0]
[-0.3392, -0.06819999999999998, 138.7416, 2, 0.5, 0]
[-0.3382, -0.06819999999999998, 138.7416, 2, 0.5, 0]
[-0.3372, -0.06819999999999998, 138.7416, 2, 0.5, 0]
[-0.3362, -0.06819999999999998, 138.7416, 2, 0.5, 0]
[-0.3352, -0.06819999999999998, 138.7416, 2, 0.5, 0]
[-0.3342, -0.06819999999999998, 138.7416, 2, 0.5, 0]
[-0.3332, -0.06819999999999998, 138.7416, 2, 0.5, 0]
[-0.3322, -0.06819999999999998, 138.7416, 2, 0.5, 0]
[-0.3312, -0.06819999999999998, 138.7416, 2, 0.5, 0]
[-0.3302, -0.06819999999999998, 138.7416, 2, 0.5, 0]
[-0.3292, -0.06819999999999998, 138.7416, 2, 0.5, 0]
[-0.3282, -0.06819999999999998, 138.7416, 2, 0.5, 0]
[-0.3272, -0.06819999999999998, 138.7416, 2, 0.5, 0]
[-0.3672, -0.06719999999999998, 138.7416, 2, 0.5, 0]
[-0.3662, -0.06719999999999998, 138.7416, 2, 0.5, 0]
[-0.3652, -0.06719999999999998, 138.7416, 2, 0.5, 0]
[-0.3642, -0.06719999999999998, 138.7416, 2, 0.5, 0]
[-0.3632, -0.06719999999999998, 138.7416, 2, 0.5, 0]
[-0.3622, -0.06719999999999998, 138.7416, 2, 0.5, 0]
[-0.3612, -0.06719999999999998, 138.7416, 2, 0.5, 0]
[-0.3602, -0.06719999999999998, 138.7416, 2, 0.5, 0]
[-0.3592, -0.06719999999999998, 138.7416, 2, 0.5, 0]
[-0.3582, -0.06719999999999998, 138.7416, 2, 0.5, 0]
[-0.3572, -0.06719999999999998, 138.7416, 2, 0.5, 0]
[-0.3562, -0.06719999999999998, 138.7416, 2, 0.5, 0]
[-0.3552, -0.06719999999999998, 138.7416, 2, 0.5, 0]
[-0.3542, -0.06719999999999998, 138.7416, 2, 0.5, 0]
[-0.3532, -0.06719999999999998, 138.7416, 2, 0.5, 0]
[-0.3522, -0.06719999999999998, 138.7416, 2, 0.5, 0]
[-0.3512, -0.06719999999999998, 138.7416, 2, 0.5, 0]
[-0.3502, -0.06719999999999998, 138.7416, 2, 0.5, 0]
[-0.3492, -0.06719999999999998, 138.7416, 2, 0.5, 0]
[-0.3482, -0.06719999999999998, 138.7416, 2, 0.5, 0]
[-0.3472, -0.06719999999999998, 138.7416, 2, 0.5, 0]
[-0.3462, -0.06719999999999998, 138.7416, 2, 0.5, 0]
[-0.3452, -0.06719999999999998, 138.7416, 2, 0.5, 0]
[-0.3442, -0.06719999999999998, 138.7416, 2, 0.5, 0]
[-0.3432, -0.06719999999999998, 138.7416, 2, 0.5, 0]
[-0.3422, -0.06719999999999998, 138.7416, 2, 0.5, 0]
[-0.3412, -0.06719999999999998, 138.7416, 2, 0.5, 0]
[-0.3402, -0.06719999999999998, 138.7416, 2, 0.5, 0]
[-0.3392, -0.06719999999999998, 138.7416, 2, 0.5, 0]
[-0.3382, -0.06719999999999998, 138.7416, 2, 0.5, 0]
[-0.3372, -0.06719999999999998, 138.7416, 2, 0.5, 0]
[-0.3362, -0.06719999999999998, 138.7416, 2, 0.5, 0]
[-0.3352, -0.06719999999999998, 138.7416, 2, 0.5, 0]
[-0.3342, -0.06719999999999998, 138.7416, 2, 0.5, 0]
[-0.3332, -0.06719999999999998, 138.7416, 2, 0.5, 0]
[-0.3322, -0.06719999999999998, 138.7416, 2, 0.5, 0]
[-0.3312, -0.06719999999999998, 138.7416, 2, 0.5, 0]
[-0.3302, -0.06719999999999998, 138.7416, 2, 0.5, 0]
[-0.3292, -0.06719999999999998, 138.7416, 2, 0.5, 0]
[-0.3282, -0.06719999999999998, 138.7416, 2, 0.5, 0]
[-0.3272, -0.06719999999999998, 138.7416, 2, 0.5, 0]
[-0.3672, -0.06619999999999998, 138.7416, 2, 0.5, 0]
[-0.3662, -0.06619999999999998, 138.7416, 2, 0.5, 0]
[-0.3652, -0.06619999999999998, 138.7416, 2, 0.5, 0]
[-0.3642, -0.06619999999999998, 138.7416, 2, 0.5, 0]
[-0.3632, -0.06619999999999998, 138.7416, 2, 0.5, 0]
[-0.3622, -0.06619999999999998, 138.7416, 2, 0.5, 0]
[-0.3612, -0.06619999999999998, 138.7416, 2, 0.5, 0]
[-0.3602, -0.06619999999999998, 138.7416, 2, 0.5, 0]
[-0.3592, -0.06619999999999998, 138.7416, 2, 0.5, 0]
[-0.3582, -0.06619999999999998, 138.7416, 2, 0.5, 0]
[-0.3572, -0.06619999999999998, 138.7416, 2, 0.5, 0]
[-0.3562, -0.06619999999999998, 138.7416, 2, 0.5, 0]
[-0.3552, -0.06619999999999998, 138.7416, 2, 0.5, 0]
[-0.3542, -0.06619999999999998, 138.7416, 2, 0.5, 0]
[-0.3532, -0.06619999999999998, 138.7416, 2, 0.5, 0]
[-0.3522, -0.06619999999999998, 138.7416, 2, 0.5, 0]
[-0.3512, -0.06619999999999998, 138.7416, 2, 0.5, 0]
[-0.3502, -0.06619999999999998, 138.7416, 2, 0.5, 0]
[-0.3492, -0.06619999999999998, 138.7416, 2, 0.5, 0]
[-0.3482, -0.06619999999999998, 138.7416, 2, 0.5, 0]
[-0.3472, -0.06619999999999998, 138.7416, 2, 0.5, 0]
[-0.3462, -0.06619999999999998, 138.7416, 2, 0.5, 0]
[-0.3452, -0.06619999999999998, 138.7416, 2, 0.5, 0]
[-0.3442, -0.06619999999999998, 138.7416, 2, 0.5, 0]
[-0.3432, -0.06619999999999998, 138.7416, 2, 0.5, 0]
[-0.3422, -0.06619999999999998, 138.7416, 2, 0.5, 0]
[-0.3412, -0.06619999999999998, 138.7416, 2, 0.5, 0]
[-0.3402, -0.06619999999999998, 138.7416, 2, 0.5, 0]
[-0.3392, -0.06619999999999998, 138.7416, 2, 0.5, 0]
[-0.3382, -0.06619999999999998, 138.7416, 2, 0.5, 0]
[-0.3372, -0.06619999999999998, 138.7416, 2, 0.5, 0]
[-0.3362, -0.06619999999999998, 138.7416, 2, 0.5, 0]
[-0.3352, -0.06619999999999998, 138.7416, 2, 0.5, 0]
[-0.3342, -0.06619999999999998, 138.7416, 2, 0.5, 0]
[-0.3332, -0.06619999999999998, 138.7416, 2, 0.5, 0]
[-0.3322, -0.06619999999999998, 138.7416, 2, 0.5, 0]
[-0.3312, -0.06619999999999998, 138.7416, 2, 0.5, 0]
[-0.3302, -0.06619999999999998, 138.7416, 2, 0.5, 0]
[-0.3292, -0.06619999999999998, 138.7416, 2, 0.5, 0]
[-0.3282, -0.06619999999999998, 138.7416, 2, 0.5, 0]
[-0.3272, -0.06619999999999998, 138.7416, 2, 0.5, 0]
[-0.3672, -0.06519999999999998, 138.7416, 2, 0.5, 0]
[-0.3662, -0.06519999999999998, 138.7416, 2, 0.5, 0]
[-0.3652, -0.06519999999999998, 138.7416, 2, 0.5, 0]
[-0.3642, -0.06519999999999998, 138.7416, 2, 0.5, 0]
[-0.3632, -0.06519999999999998, 138.7416, 2, 0.5, 0]
[-0.3622, -0.06519999999999998, 138.7416, 2, 0.5, 0]
[-0.3612, -0.06519999999999998, 138.7416, 2, 0.5, 0]
[-0.3602, -0.06519999999999998, 138.7416, 2, 0.5, 0]
[-0.3592, -0.06519999999999998, 138.7416, 2, 0.5, 0]
[-0.3582, -0.06519999999999998, 138.7416, 2, 0.5, 0]
[-0.3572, -0.06519999999999998, 138.7416, 2, 0.5, 0]
[-0.3562, -0.06519999999999998, 138.7416, 2, 0.5, 0]
[-0.3552, -0.06519999999999998, 138.7416, 2, 0.5, 0]
[-0.3542, -0.06519999999999998, 138.7416, 2, 0.5, 0]
[-0.3532, -0.06519999999999998, 138.7416, 2, 0.5, 0]
[-0.3522, -0.06519999999999998, 138.7416, 2, 0.5, 0]
[-0.3512, -0.06519999999999998, 138.7416, 2, 0.5, 0]
[-0.3502, -0.06519999999999998, 138.7416, 2, 0.5, 0]
[-0.3492, -0.06519999999999998, 138.7416, 2, 0.5, 0]
[-0.3482, -0.06519999999999998, 138.7416, 2, 0.5, 0]
[-0.3472, -0.06519999999999998, 138.7416, 2, 0.5, 0]
[-0.3462, -0.06519999999999998, 138.7416, 2, 0.5, 0]
[-0.3452, -0.06519999999999998, 138.7416, 2, 0.5, 0]
[-0.3442, -0.06519999999999998, 138.7416, 2, 0.5, 0]
[-0.3432, -0.06519999999999998, 138.7416, 2, 0.5, 0]
[-0.3422, -0.06519999999999998, 138.7416, 2, 0.5, 0]
[-0.3412, -0.06519999999999998, 138.7416, 2, 0.5, 0]
[-0.3402, -0.06519999999999998, 138.7416, 2, 0.5, 0]
[-0.3392, -0.06519999999999998, 138.7416, 2, 0.5, 0]
[-0.3382, -0.06519999999999998, 138.7416, 2, 0.5, 0]
[-0.3372, -0.06519999999999998, 138.7416, 2, 0.5, 0]
[-0.3362, -0.06519999999999998, 138.7416, 2, 0.5, 0]
[-0.3352, -0.06519999999999998, 138.7416, 2, 0.5, 0]
[-0.3342, -0.06519999999999998, 138.7416, 2, 0.5, 0]
[-0.3332, -0.06519999999999998, 138.7416, 2, 0.5, 0]
[-0.3322, -0.06519999999999998, 138.7416, 2, 0.5, 0]
[-0.3312, -0.06519999999999998, 138.7416, 2, 0.5, 0]
[-0.3302, -0.06519999999999998, 138.7416, 2, 0.5, 0]
[-0.3292, -0.06519999999999998, 138.7416, 2, 0.5, 0]
[-0.3282, -0.06519999999999998, 138.7416, 2, 0.5, 0]
[-0.3272, -0.06519999999999998, 138.7416, 2, 0.5, 0]
[-0.3672, -0.06419999999999998, 138.7416, 2, 0.5, 0]
[-0.3662, -0.06419999999999998, 138.7416, 2, 0.5, 0]
[-0.3652, -0.06419999999999998, 138.7416, 2, 0.5, 0]
[-0.3642, -0.06419999999999998, 138.7416, 2, 0.5, 0]
[-0.3632, -0.06419999999999998, 138.7416, 2, 0.5, 0]
[-0.3622, -0.06419999999999998, 138.7416, 2, 0.5, 0]
[-0.3612, -0.06419999999999998, 138.7416, 2, 0.5, 0]
[-0.3602, -0.06419999999999998, 138.7416, 2, 0.5, 0]
[-0.3592, -0.06419999999999998, 138.7416, 2, 0.5, 0]
[-0.3582, -0.06419999999999998, 138.7416, 2, 0.5, 0]
[-0.3572, -0.06419999999999998, 138.7416, 2, 0.5, 0]
[-0.3562, -0.06419999999999998, 138.7416, 2, 0.5, 0]
[-0.3552, -0.06419999999999998, 138.7416, 2, 0.5, 0]
[-0.3542, -0.06419999999999998, 138.7416, 2, 0.5, 0]
[-0.3532, -0.06419999999999998, 138.7416, 2, 0.5, 0]
[-0.3522, -0.06419999999999998, 138.7416, 2, 0.5, 0]
[-0.3512, -0.06419999999999998, 138.7416, 2, 0.5, 0]
[-0.3502, -0.06419999999999998, 138.7416, 2, 0.5, 0]
[-0.3492, -0.06419999999999998, 138.7416, 2, 0.5, 0]
[-0.3482, -0.06419999999999998, 138.7416, 2, 0.5, 0]
[-0.3472, -0.06419999999999998, 138.7416, 2, 0.5, 0]
[-0.3462, -0.06419999999999998, 138.7416, 2, 0.5, 0]
[-0.3452, -0.06419999999999998, 138.7416, 2, 0.5, 0]
[-0.3442, -0.06419999999999998, 138.7416, 2, 0.5, 0]
[-0.3432, -0.06419999999999998, 138.7416, 2, 0.5, 0]
[-0.3422, -0.06419999999999998, 138.7416, 2, 0.5, 0]
[-0.3412, -0.06419999999999998, 138.7416, 2, 0.5, 0]
[-0.3402, -0.06419999999999998, 138.7416, 2, 0.5, 0]
[-0.3392, -0.06419999999999998, 138.7416, 2, 0.5, 0]
[-0.3382, -0.06419999999999998, 138.7416, 2, 0.5, 0]
[-0.3372, -0.06419999999999998, 138.7416, 2, 0.5, 0]
[-0.3362, -0.06419999999999998, 138.7416, 2, 0.5, 0]
[-0.3352, -0.06419999999999998, 138.7416, 2, 0.5, 0]
[-0.3342, -0.06419999999999998, 138.7416, 2, 0.5, 0]
[-0.3332, -0.06419999999999998, 138.7416, 2, 0.5, 0]
[-0.3322, -0.06419999999999998, 138.7416, 2, 0.5, 0]
[-0.3312, -0.06419999999999998, 138.7416, 2, 0.5, 0]
[-0.3302, -0.06419999999999998, 138.7416, 2, 0.5, 0]
[-0.3292, -0.06419999999999998, 138.7416, 2, 0.5, 0]
[-0.3282, -0.06419999999999998, 138.7416, 2, 0.5, 0]
[-0.3272, -0.06419999999999998, 138.7416, 2, 0.5, 0]
[-0.3672, -0.06319999999999998, 138.7416, 2, 0.5, 0]
[-0.3662, -0.06319999999999998, 138.7416, 2, 0.5, 0]
[-0.3652, -0.06319999999999998, 138.7416, 2, 0.5, 0]
[-0.3642, -0.06319999999999998, 138.7416, 2, 0.5, 0]
[-0.3632, -0.06319999999999998, 138.7416, 2, 0.5, 0]
[-0.3622, -0.06319999999999998, 138.7416, 2, 0.5, 0]
[-0.3612, -0.06319999999999998, 138.7416, 2, 0.5, 0]
[-0.3602, -0.06319999999999998, 138.7416, 2, 0.5, 0]
[-0.3592, -0.06319999999999998, 138.7416, 2, 0.5, 0]
[-0.3582, -0.06319999999999998, 138.7416, 2, 0.5, 0]
[-0.3572, -0.06319999999999998, 138.7416, 2, 0.5, 0]
[-0.3562, -0.06319999999999998, 138.7416, 2, 0.5, 0]
[-0.3552, -0.06319999999999998, 138.7416, 2, 0.5, 0]
[-0.3542, -0.06319999999999998, 138.7416, 2, 0.5, 0]
[-0.3532, -0.06319999999999998, 138.7416, 2, 0.5, 0]
[-0.3522, -0.06319999999999998, 138.7416, 2, 0.5, 0]
[-0.3512, -0.06319999999999998, 138.7416, 2, 0.5, 0]
[-0.3502, -0.06319999999999998, 138.7416, 2, 0.5, 0]
[-0.3492, -0.06319999999999998, 138.7416, 2, 0.5, 0]
[-0.3482, -0.06319999999999998, 138.7416, 2, 0.5, 0]
[-0.3472, -0.06319999999999998, 138.7416, 2, 0.5, 0]
[-0.3462, -0.06319999999999998, 138.7416, 2, 0.5, 0]
[-0.3452, -0.06319999999999998, 138.7416, 2, 0.5, 0]
[-0.3442, -0.06319999999999998, 138.7416, 2, 0.5, 0]
[-0.3432, -0.06319999999999998, 138.7416, 2, 0.5, 0]
[-0.3422, -0.06319999999999998, 138.7416, 2, 0.5, 0]
[-0.3412, -0.06319999999999998, 138.7416, 2, 0.5, 0]
[-0.3402, -0.06319999999999998, 138.7416, 2, 0.5, 0]
[-0.3392, -0.06319999999999998, 138.7416, 2, 0.5, 0]
[-0.3382, -0.06319999999999998, 138.7416, 2, 0.5, 0]
[-0.3372, -0.06319999999999998, 138.7416, 2, 0.5, 0]
[-0.3362, -0.06319999999999998, 138.7416, 2, 0.5, 0]
[-0.3352, -0.06319999999999998, 138.7416, 2, 0.5, 0]
[-0.3342, -0.06319999999999998, 138.7416, 2, 0.5, 0]
[-0.3332, -0.06319999999999998, 138.7416, 2, 0.5, 0]
[-0.3322, -0.06319999999999998, 138.7416, 2, 0.5, 0]
[-0.3312, -0.06319999999999998, 138.7416, 2, 0.5, 0]
[-0.3302, -0.06319999999999998, 138.7416, 2, 0.5, 0]
[-0.3292, -0.06319999999999998, 138.7416, 2, 0.5, 0]
[-0.3282, -0.06319999999999998, 138.7416, 2, 0.5, 0]
[-0.3272, -0.06319999999999998, 138.7416, 2, 0.5, 0]
[-0.3672, -0.06219999999999998, 138.7416, 2, 0.5, 0]
[-0.3662, -0.06219999999999998, 138.7416, 2, 0.5, 0]
[-0.3652, -0.06219999999999998, 138.7416, 2, 0.5, 0]
[-0.3642, -0.06219999999999998, 138.7416, 2, 0.5, 0]
[-0.3632, -0.06219999999999998, 138.7416, 2, 0.5, 0]
[-0.3622, -0.06219999999999998, 138.7416, 2, 0.5, 0]
[-0.3612, -0.06219999999999998, 138.7416, 2, 0.5, 0]
[-0.3602, -0.06219999999999998, 138.7416, 2, 0.5, 0]
[-0.3592, -0.06219999999999998, 138.7416, 2, 0.5, 0]
[-0.3582, -0.06219999999999998, 138.7416, 2, 0.5, 0]
[-0.3572, -0.06219999999999998, 138.7416, 2, 0.5, 0]
[-0.3562, -0.06219999999999998, 138.7416, 2, 0.5, 0]
[-0.3552, -0.06219999999999998, 138.7416, 2, 0.5, 0]
[-0.3542, -0.06219999999999998, 138.7416, 2, 0.5, 0]
[-0.3532, -0.06219999999999998, 138.7416, 2, 0.5, 0]
[-0.3522, -0.06219999999999998, 138.7416, 2, 0.5, 0]
[-0.3512, -0.06219999999999998, 138.7416, 2, 0.5, 0]
[-0.3502, -0.06219999999999998, 138.7416, 2, 0.5, 0]
[-0.3492, -0.06219999999999998, 138.7416, 2, 0.5, 0]
[-0.3482, -0.06219999999999998, 138.7416, 2, 0.5, 0]
[-0.3472, -0.06219999999999998, 138.7416, 2, 0.5, 0]
[-0.3462, -0.06219999999999998, 138.7416, 2, 0.5, 0]
[-0.3452, -0.06219999999999998, 138.7416, 2, 0.5, 0]
[-0.3442, -0.06219999999999998, 138.7416, 2, 0.5, 0]
[-0.3432, -0.06219999999999998, 138.7416, 2, 0.5, 0]
[-0.3422, -0.06219999999999998, 138.7416, 2, 0.5, 0]
[-0.3412, -0.06219999999999998, 138.7416, 2, 0.5, 0]
[-0.3402, -0.06219999999999998, 138.7416, 2, 0.5, 0]
[-0.3392, -0.06219999999999998, 138.7416, 2, 0.5, 0]
[-0.3382, -0.06219999999999998, 138.7416, 2, 0.5, 0]
[-0.3372, -0.06219999999999998, 138.7416, 2, 0.5, 0]
[-0.3362, -0.06219999999999998, 138.7416, 2, 0.5, 0]
[-0.3352, -0.06219999999999998, 138.7416, 2, 0.5, 0]
[-0.3342, -0.06219999999999998, 138.7416, 2, 0.5, 0]
[-0.3332, -0.06219999999999998, 138.7416, 2, 0.5, 0]
[-0.3322, -0.06219999999999998, 138.7416, 2, 0.5, 0]
[-0.3312, -0.06219999999999998, 138.7416, 2, 0.5, 0]
[-0.3302, -0.06219999999999998, 138.7416, 2, 0.5, 0]
[-0.3292, -0.06219999999999998, 138.7416, 2, 0.5, 0]
[-0.3282, -0.06219999999999998, 138.7416, 2, 0.5, 0]
[-0.3272, -0.06219999999999998, 138.7416, 2, 0.5, 0]
[-0.3672, -0.06119999999999998, 138.7416, 2, 0.5, 0]
[-0.3662, -0.06119999999999998, 138.7416, 2, 0.5, 0]
[-0.3652, -0.06119999999999998, 138.7416, 2, 0.5, 0]
[-0.3642, -0.06119999999999998, 138.7416, 2, 0.5, 0]
[-0.3632, -0.06119999999999998, 138.7416, 2, 0.5, 0]
[-0.3622, -0.06119999999999998, 138.7416, 2, 0.5, 0]
[-0.3612, -0.06119999999999998, 138.7416, 2, 0.5, 0]
[-0.3602, -0.06119999999999998, 138.7416, 2, 0.5, 0]
[-0.3592, -0.06119999999999998, 138.7416, 2, 0.5, 0]
[-0.3582, -0.06119999999999998, 138.7416, 2, 0.5, 0]
[-0.3572, -0.06119999999999998, 138.7416, 2, 0.5, 0]
[-0.3562, -0.06119999999999998, 138.7416, 2, 0.5, 0]
[-0.3552, -0.06119999999999998, 138.7416, 2, 0.5, 0]
[-0.3542, -0.06119999999999998, 138.7416, 2, 0.5, 0]
[-0.3532, -0.06119999999999998, 138.7416, 2, 0.5, 0]
[-0.3522, -0.06119999999999998, 138.7416, 2, 0.5, 0]
[-0.3512, -0.06119999999999998, 138.7416, 2, 0.5, 0]
[-0.3502, -0.06119999999999998, 138.7416, 2, 0.5, 0]
[-0.3492, -0.06119999999999998, 138.7416, 2, 0.5, 0]
[-0.3482, -0.06119999999999998, 138.7416, 2, 0.5, 0]
[-0.3472, -0.06119999999999998, 138.7416, 2, 0.5, 0]
[-0.3462, -0.06119999999999998, 138.7416, 2, 0.5, 0]
[-0.3452, -0.06119999999999998, 138.7416, 2, 0.5, 0]
[-0.3442, -0.06119999999999998, 138.7416, 2, 0.5, 0]
[-0.3432, -0.06119999999999998, 138.7416, 2, 0.5, 0]
[-0.3422, -0.06119999999999998, 138.7416, 2, 0.5, 0]
[-0.3412, -0.06119999999999998, 138.7416, 2, 0.5, 0]
[-0.3402, -0.06119999999999998, 138.7416, 2, 0.5, 0]
[-0.3392, -0.06119999999999998, 138.7416, 2, 0.5, 0]
[-0.3382, -0.06119999999999998, 138.7416, 2, 0.5, 0]
[-0.3372, -0.06119999999999998, 138.7416, 2, 0.5, 0]
[-0.3362, -0.06119999999999998, 138.7416, 2, 0.5, 0]
[-0.3352, -0.06119999999999998, 138.7416, 2, 0.5, 0]
[-0.3342, -0.06119999999999998, 138.7416, 2, 0.5, 0]
[-0.3332, -0.06119999999999998, 138.7416, 2, 0.5, 0]
[-0.3322, -0.06119999999999998, 138.7416, 2, 0.5, 0]
[-0.3312, -0.06119999999999998, 138.7416, 2, 0.5, 0]
[-0.3302, -0.06119999999999998, 138.7416, 2, 0.5, 0]
[-0.3292, -0.06119999999999998, 138.7416, 2, 0.5, 0]
[-0.3282, -0.06119999999999998, 138.7416, 2, 0.5, 0]
[-0.3272, -0.06119999999999998, 138.7416, 2, 0.5, 0]
[-0.3672, -0.060199999999999976, 138.7416, 2, 0.5, 0]
[-0.3662, -0.060199999999999976, 138.7416, 2, 0.5, 0]
[-0.3652, -0.060199999999999976, 138.7416, 2, 0.5, 0]
[-0.3642, -0.060199999999999976, 138.7416, 2, 0.5, 0]
[-0.3632, -0.060199999999999976, 138.7416, 2, 0.5, 0]
[-0.3622, -0.060199999999999976, 138.7416, 2, 0.5, 0]
[-0.3612, -0.060199999999999976, 138.7416, 2, 0.5, 0]
[-0.3602, -0.060199999999999976, 138.7416, 2, 0.5, 0]
[-0.3592, -0.060199999999999976, 138.7416, 2, 0.5, 0]
[-0.3582, -0.060199999999999976, 138.7416, 2, 0.5, 0]
[-0.3572, -0.060199999999999976, 138.7416, 2, 0.5, 0]
[-0.3562, -0.060199999999999976, 138.7416, 2, 0.5, 0]
[-0.3552, -0.060199999999999976, 138.7416, 2, 0.5, 0]
[-0.3542, -0.060199999999999976, 138.7416, 2, 0.5, 0]
[-0.3532, -0.060199999999999976, 138.7416, 2, 0.5, 0]
[-0.3522, -0.060199999999999976, 138.7416, 2, 0.5, 0]
[-0.3512, -0.060199999999999976, 138.7416, 2, 0.5, 0]
[-0.3502, -0.060199999999999976, 138.7416, 2, 0.5, 0]
[-0.3492, -0.060199999999999976, 138.7416, 2, 0.5, 0]
[-0.3482, -0.060199999999999976, 138.7416, 2, 0.5, 0]
[-0.3472, -0.060199999999999976, 138.7416, 2, 0.5, 0]
[-0.3462, -0.060199999999999976, 138.7416, 2, 0.5, 0]
[-0.3452, -0.060199999999999976, 138.7416, 2, 0.5, 0]
[-0.3442, -0.060199999999999976, 138.7416, 2, 0.5, 0]
[-0.3432, -0.060199999999999976, 138.7416, 2, 0.5, 0]
[-0.3422, -0.060199999999999976, 138.7416, 2, 0.5, 0]
[-0.3412, -0.060199999999999976, 138.7416, 2, 0.5, 0]
[-0.3402, -0.060199999999999976, 138.7416, 2, 0.5, 0]
[-0.3392, -0.060199999999999976, 138.7416, 2, 0.5, 0]
[-0.3382, -0.060199999999999976, 138.7416, 2, 0.5, 0]
[-0.3372, -0.060199999999999976, 138.7416, 2, 0.5, 0]
[-0.3362, -0.060199999999999976, 138.7416, 2, 0.5, 0]
[-0.3352, -0.060199999999999976, 138.7416, 2, 0.5, 0]
[-0.3342, -0.060199999999999976, 138.7416, 2, 0.5, 0]
[-0.3332, -0.060199999999999976, 138.7416, 2, 0.5, 0]
[-0.3322, -0.060199999999999976, 138.7416, 2, 0.5, 0]
[-0.3312, -0.060199999999999976, 138.7416, 2, 0.5, 0]
[-0.3302, -0.060199999999999976, 138.7416, 2, 0.5, 0]
[-0.3292, -0.060199999999999976, 138.7416, 2, 0.5, 0]
[-0.3282, -0.060199999999999976, 138.7416, 2, 0.5, 0]
[-0.3272, -0.060199999999999976, 138.7416, 2, 0.5, 0]
[-0.3672, -0.059199999999999975, 138.7416, 2, 0.5, 0]
[-0.3662, -0.059199999999999975, 138.7416, 2, 0.5, 0]
[-0.3652, -0.059199999999999975, 138.7416, 2, 0.5, 0]
[-0.3642, -0.059199999999999975, 138.7416, 2, 0.5, 0]
[-0.3632, -0.059199999999999975, 138.7416, 2, 0.5, 0]
[-0.3622, -0.059199999999999975, 138.7416, 2, 0.5, 0]
[-0.3612, -0.059199999999999975, 138.7416, 2, 0.5, 0]
[-0.3602, -0.059199999999999975, 138.7416, 2, 0.5, 0]
[-0.3592, -0.059199999999999975, 138.7416, 2, 0.5, 0]
[-0.3582, -0.059199999999999975, 138.7416, 2, 0.5, 0]
[-0.3572, -0.059199999999999975, 138.7416, 2, 0.5, 0]
[-0.3562, -0.059199999999999975, 138.7416, 2, 0.5, 0]
[-0.3552, -0.059199999999999975, 138.7416, 2, 0.5, 0]
[-0.3542, -0.059199999999999975, 138.7416, 2, 0.5, 0]
[-0.3532, -0.059199999999999975, 138.7416, 2, 0.5, 0]
[-0.3522, -0.059199999999999975, 138.7416, 2, 0.5, 0]
[-0.3512, -0.059199999999999975, 138.7416, 2, 0.5, 0]
[-0.3502, -0.059199999999999975, 138.7416, 2, 0.5, 0]
[-0.3492, -0.059199999999999975, 138.7416, 2, 0.5, 0]
[-0.3482, -0.059199999999999975, 138.7416, 2, 0.5, 0]
[-0.3472, -0.059199999999999975, 138.7416, 2, 0.5, 0]
[-0.3462, -0.059199999999999975, 138.7416, 2, 0.5, 0]
[-0.3452, -0.059199999999999975, 138.7416, 2, 0.5, 0]
[-0.3442, -0.059199999999999975, 138.7416, 2, 0.5, 0]
[-0.3432, -0.059199999999999975, 138.7416, 2, 0.5, 0]
[-0.3422, -0.059199999999999975, 138.7416, 2, 0.5, 0]
[-0.3412, -0.059199999999999975, 138.7416, 2, 0.5, 0]
[-0.3402, -0.059199999999999975, 138.7416, 2, 0.5, 0]
[-0.3392, -0.059199999999999975, 138.7416, 2, 0.5, 0]
[-0.3382, -0.059199999999999975, 138.7416, 2, 0.5, 0]
[-0.3372, -0.059199999999999975, 138.7416, 2, 0.5, 0]
[-0.3362, -0.059199999999999975, 138.7416, 2, 0.5, 0]
[-0.3352, -0.059199999999999975, 138.7416, 2, 0.5, 0]
[-0.3342, -0.059199999999999975, 138.7416, 2, 0.5, 0]
[-0.3332, -0.059199999999999975, 138.7416, 2, 0.5, 0]
[-0.3322, -0.059199999999999975, 138.7416, 2, 0.5, 0]
[-0.3312, -0.059199999999999975, 138.7416, 2, 0.5, 0]
[-0.3302, -0.059199999999999975, 138.7416, 2, 0.5, 0]
[-0.3292, -0.059199999999999975, 138.7416, 2, 0.5, 0]
[-0.3282, -0.059199999999999975, 138.7416, 2, 0.5, 0]
[-0.3272, -0.059199999999999975, 138.7416, 2, 0.5, 0]
[-0.3672, -0.058199999999999974, 138.7416, 2, 0.5, 0]
[-0.3662, -0.058199999999999974, 138.7416, 2, 0.5, 0]
[-0.3652, -0.058199999999999974, 138.7416, 2, 0.5, 0]
[-0.3642, -0.058199999999999974, 138.7416, 2, 0.5, 0]
[-0.3632, -0.058199999999999974, 138.7416, 2, 0.5, 0]
[-0.3622, -0.058199999999999974, 138.7416, 2, 0.5, 0]
[-0.3612, -0.058199999999999974, 138.7416, 2, 0.5, 0]
[-0.3602, -0.058199999999999974, 138.7416, 2, 0.5, 0]
[-0.3592, -0.058199999999999974, 138.7416, 2, 0.5, 0]
[-0.3582, -0.058199999999999974, 138.7416, 2, 0.5, 0]
[-0.3572, -0.058199999999999974, 138.7416, 2, 0.5, 0]
[-0.3562, -0.058199999999999974, 138.7416, 2, 0.5, 0]
[-0.3552, -0.058199999999999974, 138.7416, 2, 0.5, 0]
[-0.3542, -0.058199999999999974, 138.7416, 2, 0.5, 0]
[-0.3532, -0.058199999999999974, 138.7416, 2, 0.5, 0]
[-0.3522, -0.058199999999999974, 138.7416, 2, 0.5, 0]
[-0.3512, -0.058199999999999974, 138.7416, 2, 0.5, 0]
[-0.3502, -0.058199999999999974, 138.7416, 2, 0.5, 0]
[-0.3492, -0.058199999999999974, 138.7416, 2, 0.5, 0]
[-0.3482, -0.058199999999999974, 138.7416, 2, 0.5, 0]
[-0.3472, -0.058199999999999974, 138.7416, 2, 0.5, 0]
[-0.3462, -0.058199999999999974, 138.7416, 2, 0.5, 0]
[-0.3452, -0.058199999999999974, 138.7416, 2, 0.5, 0]
[-0.3442, -0.058199999999999974, 138.7416, 2, 0.5, 0]
[-0.3432, -0.058199999999999974, 138.7416, 2, 0.5, 0]
[-0.3422, -0.058199999999999974, 138.7416, 2, 0.5, 0]
[-0.3412, -0.058199999999999974, 138.7416, 2, 0.5, 0]
[-0.3402, -0.058199999999999974, 138.7416, 2, 0.5, 0]
[-0.3392, -0.058199999999999974, 138.7416, 2, 0.5, 0]
[-0.3382, -0.058199999999999974, 138.7416, 2, 0.5, 0]
[-0.3372, -0.058199999999999974, 138.7416, 2, 0.5, 0]
[-0.3362, -0.058199999999999974, 138.7416, 2, 0.5, 0]
[-0.3352, -0.058199999999999974, 138.7416, 2, 0.5, 0]
[-0.3342, -0.058199999999999974, 138.7416, 2, 0.5, 0]
[-0.3332, -0.058199999999999974, 138.7416, 2, 0.5, 0]
[-0.3322, -0.058199999999999974, 138.7416, 2, 0.5, 0]
[-0.3312, -0.058199999999999974, 138.7416, 2, 0.5, 0]
[-0.3302, -0.058199999999999974, 138.7416, 2, 0.5, 0]
[-0.3292, -0.058199999999999974, 138.7416, 2, 0.5, 0]
[-0.3282, -0.058199999999999974, 138.7416, 2, 0.5, 0]
[-0.3272, -0.058199999999999974, 138.7416, 2, 0.5, 0]
[-0.3672, -0.05719999999999997, 138.7416, 2, 0.5, 0]
[-0.3662, -0.05719999999999997, 138.7416, 2, 0.5, 0]
[-0.3652, -0.05719999999999997, 138.7416, 2, 0.5, 0]
[-0.3642, -0.05719999999999997, 138.7416, 2, 0.5, 0]
[-0.3632, -0.05719999999999997, 138.7416, 2, 0.5, 0]
[-0.3622, -0.05719999999999997, 138.7416, 2, 0.5, 0]
[-0.3612, -0.05719999999999997, 138.7416, 2, 0.5, 0]
[-0.3602, -0.05719999999999997, 138.7416, 2, 0.5, 0]
[-0.3592, -0.05719999999999997, 138.7416, 2, 0.5, 0]
[-0.3582, -0.05719999999999997, 138.7416, 2, 0.5, 0]
[-0.3572, -0.05719999999999997, 138.7416, 2, 0.5, 0]
[-0.3562, -0.05719999999999997, 138.7416, 2, 0.5, 0]
[-0.3552, -0.05719999999999997, 138.7416, 2, 0.5, 0]
[-0.3542, -0.05719999999999997, 138.7416, 2, 0.5, 0]
[-0.3532, -0.05719999999999997, 138.7416, 2, 0.5, 0]
[-0.3522, -0.05719999999999997, 138.7416, 2, 0.5, 0]
[-0.3512, -0.05719999999999997, 138.7416, 2, 0.5, 0]
[-0.3502, -0.05719999999999997, 138.7416, 2, 0.5, 0]
[-0.3492, -0.05719999999999997, 138.7416, 2, 0.5, 0]
[-0.3482, -0.05719999999999997, 138.7416, 2, 0.5, 0]
[-0.3472, -0.05719999999999997, 138.7416, 2, 0.5, 0]
[-0.3462, -0.05719999999999997, 138.7416, 2, 0.5, 0]
[-0.3452, -0.05719999999999997, 138.7416, 2, 0.5, 0]
[-0.3442, -0.05719999999999997, 138.7416, 2, 0.5, 0]
[-0.3432, -0.05719999999999997, 138.7416, 2, 0.5, 0]
[-0.3422, -0.05719999999999997, 138.7416, 2, 0.5, 0]
[-0.3412, -0.05719999999999997, 138.7416, 2, 0.5, 0]
[-0.3402, -0.05719999999999997, 138.7416, 2, 0.5, 0]
[-0.3392, -0.05719999999999997, 138.7416, 2, 0.5, 0]
[-0.3382, -0.05719999999999997, 138.7416, 2, 0.5, 0]
[-0.3372, -0.05719999999999997, 138.7416, 2, 0.5, 0]
[-0.3362, -0.05719999999999997, 138.7416, 2, 0.5, 0]
[-0.3352, -0.05719999999999997, 138.7416, 2, 0.5, 0]
[-0.3342, -0.05719999999999997, 138.7416, 2, 0.5, 0]
[-0.3332, -0.05719999999999997, 138.7416, 2, 0.5, 0]
[-0.3322, -0.05719999999999997, 138.7416, 2, 0.5, 0]
[-0.3312, -0.05719999999999997, 138.7416, 2, 0.5, 0]
[-0.3302, -0.05719999999999997, 138.7416, 2, 0.5, 0]
[-0.3292, -0.05719999999999997, 138.7416, 2, 0.5, 0]
[-0.3282, -0.05719999999999997, 138.7416, 2, 0.5, 0]
[-0.3272, -0.05719999999999997, 138.7416, 2, 0.5, 0]
[-0.3672, -0.05619999999999997, 138.7416, 2, 0.5, 0]
[-0.3662, -0.05619999999999997, 138.7416, 2, 0.5, 0]
[-0.3652, -0.05619999999999997, 138.7416, 2, 0.5, 0]
[-0.3642, -0.05619999999999997, 138.7416, 2, 0.5, 0]
[-0.3632, -0.05619999999999997, 138.7416, 2, 0.5, 0]
[-0.3622, -0.05619999999999997, 138.7416, 2, 0.5, 0]
[-0.3612, -0.05619999999999997, 138.7416, 2, 0.5, 0]
[-0.3602, -0.05619999999999997, 138.7416, 2, 0.5, 0]
[-0.3592, -0.05619999999999997, 138.7416, 2, 0.5, 0]
[-0.3582, -0.05619999999999997, 138.7416, 2, 0.5, 0]
[-0.3572, -0.05619999999999997, 138.7416, 2, 0.5, 0]
[-0.3562, -0.05619999999999997, 138.7416, 2, 0.5, 0]
[-0.3552, -0.05619999999999997, 138.7416, 2, 0.5, 0]
[-0.3542, -0.05619999999999997, 138.7416, 2, 0.5, 0]
[-0.3532, -0.05619999999999997, 138.7416, 2, 0.5, 0]
[-0.3522, -0.05619999999999997, 138.7416, 2, 0.5, 0]
[-0.3512, -0.05619999999999997, 138.7416, 2, 0.5, 0]
[-0.3502, -0.05619999999999997, 138.7416, 2, 0.5, 0]
[-0.3492, -0.05619999999999997, 138.7416, 2, 0.5, 0]
[-0.3482, -0.05619999999999997, 138.7416, 2, 0.5, 0]
[-0.3472, -0.05619999999999997, 138.7416, 2, 0.5, 0]
[-0.3462, -0.05619999999999997, 138.7416, 2, 0.5, 0]
[-0.3452, -0.05619999999999997, 138.7416, 2, 0.5, 0]
[-0.3442, -0.05619999999999997, 138.7416, 2, 0.5, 0]
[-0.3432, -0.05619999999999997, 138.7416, 2, 0.5, 0]
[-0.3422, -0.05619999999999997, 138.7416, 2, 0.5, 0]
[-0.3412, -0.05619999999999997, 138.7416, 2, 0.5, 0]
[-0.3402, -0.05619999999999997, 138.7416, 2, 0.5, 0]
[-0.3392, -0.05619999999999997, 138.7416, 2, 0.5, 0]
[-0.3382, -0.05619999999999997, 138.7416, 2, 0.5, 0]
[-0.3372, -0.05619999999999997, 138.7416, 2, 0.5, 0]
[-0.3362, -0.05619999999999997, 138.7416, 2, 0.5, 0]
[-0.3352, -0.05619999999999997, 138.7416, 2, 0.5, 0]
[-0.3342, -0.05619999999999997, 138.7416, 2, 0.5, 0]
[-0.3332, -0.05619999999999997, 138.7416, 2, 0.5, 0]
[-0.3322, -0.05619999999999997, 138.7416, 2, 0.5, 0]
[-0.3312, -0.05619999999999997, 138.7416, 2, 0.5, 0]
[-0.3302, -0.05619999999999997, 138.7416, 2, 0.5, 0]
[-0.3292, -0.05619999999999997, 138.7416, 2, 0.5, 0]
[-0.3282, -0.05619999999999997, 138.7416, 2, 0.5, 0]
[-0.3272, -0.05619999999999997, 138.7416, 2, 0.5, 0]
[-0.3672, -0.05519999999999997, 138.7416, 2, 0.5, 0]
[-0.3662, -0.05519999999999997, 138.7416, 2, 0.5, 0]
[-0.3652, -0.05519999999999997, 138.7416, 2, 0.5, 0]
[-0.3642, -0.05519999999999997, 138.7416, 2, 0.5, 0]
[-0.3632, -0.05519999999999997, 138.7416, 2, 0.5, 0]
[-0.3622, -0.05519999999999997, 138.7416, 2, 0.5, 0]
[-0.3612, -0.05519999999999997, 138.7416, 2, 0.5, 0]
[-0.3602, -0.05519999999999997, 138.7416, 2, 0.5, 0]
[-0.3592, -0.05519999999999997, 138.7416, 2, 0.5, 0]
[-0.3582, -0.05519999999999997, 138.7416, 2, 0.5, 0]
[-0.3572, -0.05519999999999997, 138.7416, 2, 0.5, 0]
[-0.3562, -0.05519999999999997, 138.7416, 2, 0.5, 0]
[-0.3552, -0.05519999999999997, 138.7416, 2, 0.5, 0]
[-0.3542, -0.05519999999999997, 138.7416, 2, 0.5, 0]
[-0.3532, -0.05519999999999997, 138.7416, 2, 0.5, 0]
[-0.3522, -0.05519999999999997, 138.7416, 2, 0.5, 0]
[-0.3512, -0.05519999999999997, 138.7416, 2, 0.5, 0]
[-0.3502, -0.05519999999999997, 138.7416, 2, 0.5, 0]
[-0.3492, -0.05519999999999997, 138.7416, 2, 0.5, 0]
[-0.3482, -0.05519999999999997, 138.7416, 2, 0.5, 0]
[-0.3472, -0.05519999999999997, 138.7416, 2, 0.5, 0]
[-0.3462, -0.05519999999999997, 138.7416, 2, 0.5, 0]
[-0.3452, -0.05519999999999997, 138.7416, 2, 0.5, 0]
[-0.3442, -0.05519999999999997, 138.7416, 2, 0.5, 0]
[-0.3432, -0.05519999999999997, 138.7416, 2, 0.5, 0]
[-0.3422, -0.05519999999999997, 138.7416, 2, 0.5, 0]
[-0.3412, -0.05519999999999997, 138.7416, 2, 0.5, 0]
[-0.3402, -0.05519999999999997, 138.7416, 2, 0.5, 0]
[-0.3392, -0.05519999999999997, 138.7416, 2, 0.5, 0]
[-0.3382, -0.05519999999999997, 138.7416, 2, 0.5, 0]
[-0.3372, -0.05519999999999997, 138.7416, 2, 0.5, 0]
[-0.3362, -0.05519999999999997, 138.7416, 2, 0.5, 0]
[-0.3352, -0.05519999999999997, 138.7416, 2, 0.5, 0]
[-0.3342, -0.05519999999999997, 138.7416, 2, 0.5, 0]
[-0.3332, -0.05519999999999997, 138.7416, 2, 0.5, 0]
[-0.3322, -0.05519999999999997, 138.7416, 2, 0.5, 0]
[-0.3312, -0.05519999999999997, 138.7416, 2, 0.5, 0]
[-0.3302, -0.05519999999999997, 138.7416, 2, 0.5, 0]
[-0.3292, -0.05519999999999997, 138.7416, 2, 0.5, 0]
[-0.3282, -0.05519999999999997, 138.7416, 2, 0.5, 0]
[-0.3272, -0.05519999999999997, 138.7416, 2, 0.5, 0]
[-0.3672, -0.05419999999999997, 138.7416, 2, 0.5, 0]
[-0.3662, -0.05419999999999997, 138.7416, 2, 0.5, 0]
[-0.3652, -0.05419999999999997, 138.7416, 2, 0.5, 0]
[-0.3642, -0.05419999999999997, 138.7416, 2, 0.5, 0]
[-0.3632, -0.05419999999999997, 138.7416, 2, 0.5, 0]
[-0.3622, -0.05419999999999997, 138.7416, 2, 0.5, 0]
[-0.3612, -0.05419999999999997, 138.7416, 2, 0.5, 0]
[-0.3602, -0.05419999999999997, 138.7416, 2, 0.5, 0]
[-0.3592, -0.05419999999999997, 138.7416, 2, 0.5, 0]
[-0.3582, -0.05419999999999997, 138.7416, 2, 0.5, 0]
[-0.3572, -0.05419999999999997, 138.7416, 2, 0.5, 0]
[-0.3562, -0.05419999999999997, 138.7416, 2, 0.5, 0]
[-0.3552, -0.05419999999999997, 138.7416, 2, 0.5, 0]
[-0.3542, -0.05419999999999997, 138.7416, 2, 0.5, 0]
[-0.3532, -0.05419999999999997, 138.7416, 2, 0.5, 0]
[-0.3522, -0.05419999999999997, 138.7416, 2, 0.5, 0]
[-0.3512, -0.05419999999999997, 138.7416, 2, 0.5, 0]
[-0.3502, -0.05419999999999997, 138.7416, 2, 0.5, 0]
[-0.3492, -0.05419999999999997, 138.7416, 2, 0.5, 0]
[-0.3482, -0.05419999999999997, 138.7416, 2, 0.5, 0]
[-0.3472, -0.05419999999999997, 138.7416, 2, 0.5, 0]
[-0.3462, -0.05419999999999997, 138.7416, 2, 0.5, 0]
[-0.3452, -0.05419999999999997, 138.7416, 2, 0.5, 0]
[-0.3442, -0.05419999999999997, 138.7416, 2, 0.5, 0]
[-0.3432, -0.05419999999999997, 138.7416, 2, 0.5, 0]
[-0.3422, -0.05419999999999997, 138.7416, 2, 0.5, 0]
[-0.3412, -0.05419999999999997, 138.7416, 2, 0.5, 0]
[-0.3402, -0.05419999999999997, 138.7416, 2, 0.5, 0]
[-0.3392, -0.05419999999999997, 138.7416, 2, 0.5, 0]
[-0.3382, -0.05419999999999997, 138.7416, 2, 0.5, 0]
[-0.3372, -0.05419999999999997, 138.7416, 2, 0.5, 0]
[-0.3362, -0.05419999999999997, 138.7416, 2, 0.5, 0]
[-0.3352, -0.05419999999999997, 138.7416, 2, 0.5, 0]
[-0.3342, -0.05419999999999997, 138.7416, 2, 0.5, 0]
[-0.3332, -0.05419999999999997, 138.7416, 2, 0.5, 0]
[-0.3322, -0.05419999999999997, 138.7416, 2, 0.5, 0]
[-0.3312, -0.05419999999999997, 138.7416, 2, 0.5, 0]
[-0.3302, -0.05419999999999997, 138.7416, 2, 0.5, 0]
[-0.3292, -0.05419999999999997, 138.7416, 2, 0.5, 0]
[-0.3282, -0.05419999999999997, 138.7416, 2, 0.5, 0]
[-0.3272, -0.05419999999999997, 138.7416, 2, 0.5, 0]
[-0.3672, -0.05319999999999997, 138.7416, 2, 0.5, 0]
[-0.3662, -0.05319999999999997, 138.7416, 2, 0.5, 0]
[-0.3652, -0.05319999999999997, 138.7416, 2, 0.5, 0]
[-0.3642, -0.05319999999999997, 138.7416, 2, 0.5, 0]
[-0.3632, -0.05319999999999997, 138.7416, 2, 0.5, 0]
[-0.3622, -0.05319999999999997, 138.7416, 2, 0.5, 0]
[-0.3612, -0.05319999999999997, 138.7416, 2, 0.5, 0]
[-0.3602, -0.05319999999999997, 138.7416, 2, 0.5, 0]
[-0.3592, -0.05319999999999997, 138.7416, 2, 0.5, 0]
[-0.3582, -0.05319999999999997, 138.7416, 2, 0.5, 0]
[-0.3572, -0.05319999999999997, 138.7416, 2, 0.5, 0]
[-0.3562, -0.05319999999999997, 138.7416, 2, 0.5, 0]
[-0.3552, -0.05319999999999997, 138.7416, 2, 0.5, 0]
[-0.3542, -0.05319999999999997, 138.7416, 2, 0.5, 0]
[-0.3532, -0.05319999999999997, 138.7416, 2, 0.5, 0]
[-0.3522, -0.05319999999999997, 138.7416, 2, 0.5, 0]
[-0.3512, -0.05319999999999997, 138.7416, 2, 0.5, 0]
[-0.3502, -0.05319999999999997, 138.7416, 2, 0.5, 0]
[-0.3492, -0.05319999999999997, 138.7416, 2, 0.5, 0]
[-0.3482, -0.05319999999999997, 138.7416, 2, 0.5, 0]
[-0.3472, -0.05319999999999997, 138.7416, 2, 0.5, 0]
[-0.3462, -0.05319999999999997, 138.7416, 2, 0.5, 0]
[-0.3452, -0.05319999999999997, 138.7416, 2, 0.5, 0]
[-0.3442, -0.05319999999999997, 138.7416, 2, 0.5, 0]
[-0.3432, -0.05319999999999997, 138.7416, 2, 0.5, 0]
[-0.3422, -0.05319999999999997, 138.7416, 2, 0.5, 0]
[-0.3412, -0.05319999999999997, 138.7416, 2, 0.5, 0]
[-0.3402, -0.05319999999999997, 138.7416, 2, 0.5, 0]
[-0.3392, -0.05319999999999997, 138.7416, 2, 0.5, 0]
[-0.3382, -0.05319999999999997, 138.7416, 2, 0.5, 0]
[-0.3372, -0.05319999999999997, 138.7416, 2, 0.5, 0]
[-0.3362, -0.05319999999999997, 138.7416, 2, 0.5, 0]
[-0.3352, -0.05319999999999997, 138.7416, 2, 0.5, 0]
[-0.3342, -0.05319999999999997, 138.7416, 2, 0.5, 0]
[-0.3332, -0.05319999999999997, 138.7416, 2, 0.5, 0]
[-0.3322, -0.05319999999999997, 138.7416, 2, 0.5, 0]
[-0.3312, -0.05319999999999997, 138.7416, 2, 0.5, 0]
[-0.3302, -0.05319999999999997, 138.7416, 2, 0.5, 0]
[-0.3292, -0.05319999999999997, 138.7416, 2, 0.5, 0]
[-0.3282, -0.05319999999999997, 138.7416, 2, 0.5, 0]
[-0.3272, -0.05319999999999997, 138.7416, 2, 0.5, 0]
[-0.3672, -0.05219999999999997, 138.7416, 2, 0.5, 0]
[-0.3662, -0.05219999999999997, 138.7416, 2, 0.5, 0]
[-0.3652, -0.05219999999999997, 138.7416, 2, 0.5, 0]
[-0.3642, -0.05219999999999997, 138.7416, 2, 0.5, 0]
[-0.3632, -0.05219999999999997, 138.7416, 2, 0.5, 0]
[-0.3622, -0.05219999999999997, 138.7416, 2, 0.5, 0]
[-0.3612, -0.05219999999999997, 138.7416, 2, 0.5, 0]
[-0.3602, -0.05219999999999997, 138.7416, 2, 0.5, 0]
[-0.3592, -0.05219999999999997, 138.7416, 2, 0.5, 0]
[-0.3582, -0.05219999999999997, 138.7416, 2, 0.5, 0]
[-0.3572, -0.05219999999999997, 138.7416, 2, 0.5, 0]
[-0.3562, -0.05219999999999997, 138.7416, 2, 0.5, 0]
[-0.3552, -0.05219999999999997, 138.7416, 2, 0.5, 0]
[-0.3542, -0.05219999999999997, 138.7416, 2, 0.5, 0]
[-0.3532, -0.05219999999999997, 138.7416, 2, 0.5, 0]
[-0.3522, -0.05219999999999997, 138.7416, 2, 0.5, 0]
[-0.3512, -0.05219999999999997, 138.7416, 2, 0.5, 0]
[-0.3502, -0.05219999999999997, 138.7416, 2, 0.5, 0]
[-0.3492, -0.05219999999999997, 138.7416, 2, 0.5, 0]
[-0.3482, -0.05219999999999997, 138.7416, 2, 0.5, 0]
[-0.3472, -0.05219999999999997, 138.7416, 2, 0.5, 0]
[-0.3462, -0.05219999999999997, 138.7416, 2, 0.5, 0]
[-0.3452, -0.05219999999999997, 138.7416, 2, 0.5, 0]
[-0.3442, -0.05219999999999997, 138.7416, 2, 0.5, 0]
[-0.3432, -0.05219999999999997, 138.7416, 2, 0.5, 0]
[-0.3422, -0.05219999999999997, 138.7416, 2, 0.5, 0]
[-0.3412, -0.05219999999999997, 138.7416, 2, 0.5, 0]
[-0.3402, -0.05219999999999997, 138.7416, 2, 0.5, 0]
[-0.3392, -0.05219999999999997, 138.7416, 2, 0.5, 0]
[-0.3382, -0.05219999999999997, 138.7416, 2, 0.5, 0]
[-0.3372, -0.05219999999999997, 138.7416, 2, 0.5, 0]
[-0.3362, -0.05219999999999997, 138.7416, 2, 0.5, 0]
[-0.3352, -0.05219999999999997, 138.7416, 2, 0.5, 0]
[-0.3342, -0.05219999999999997, 138.7416, 2, 0.5, 0]
[-0.3332, -0.05219999999999997, 138.7416, 2, 0.5, 0]
[-0.3322, -0.05219999999999997, 138.7416, 2, 0.5, 0]
[-0.3312, -0.05219999999999997, 138.7416, 2, 0.5, 0]
[-0.3302, -0.05219999999999997, 138.7416, 2, 0.5, 0]
[-0.3292, -0.05219999999999997, 138.7416, 2, 0.5, 0]
[-0.3282, -0.05219999999999997, 138.7416, 2, 0.5, 0]
[-0.3272, -0.05219999999999997, 138.7416, 2, 0.5, 0]
[-0.3672, -0.05119999999999997, 138.7416, 2, 0.5, 0]
[-0.3662, -0.05119999999999997, 138.7416, 2, 0.5, 0]
[-0.3652, -0.05119999999999997, 138.7416, 2, 0.5, 0]
[-0.3642, -0.05119999999999997, 138.7416, 2, 0.5, 0]
[-0.3632, -0.05119999999999997, 138.7416, 2, 0.5, 0]
[-0.3622, -0.05119999999999997, 138.7416, 2, 0.5, 0]
[-0.3612, -0.05119999999999997, 138.7416, 2, 0.5, 0]
[-0.3602, -0.05119999999999997, 138.7416, 2, 0.5, 0]
[-0.3592, -0.05119999999999997, 138.7416, 2, 0.5, 0]
[-0.3582, -0.05119999999999997, 138.7416, 2, 0.5, 0]
[-0.3572, -0.05119999999999997, 138.7416, 2, 0.5, 0]
[-0.3562, -0.05119999999999997, 138.7416, 2, 0.5, 0]
[-0.3552, -0.05119999999999997, 138.7416, 2, 0.5, 0]
[-0.3542, -0.05119999999999997, 138.7416, 2, 0.5, 0]
[-0.3532, -0.05119999999999997, 138.7416, 2, 0.5, 0]
[-0.3522, -0.05119999999999997, 138.7416, 2, 0.5, 0]
[-0.3512, -0.05119999999999997, 138.7416, 2, 0.5, 0]
[-0.3502, -0.05119999999999997, 138.7416, 2, 0.5, 0]
[-0.3492, -0.05119999999999997, 138.7416, 2, 0.5, 0]
[-0.3482, -0.05119999999999997, 138.7416, 2, 0.5, 0]
[-0.3472, -0.05119999999999997, 138.7416, 2, 0.5, 0]
[-0.3462, -0.05119999999999997, 138.7416, 2, 0.5, 0]
[-0.3452, -0.05119999999999997, 138.7416, 2, 0.5, 0]
[-0.3442, -0.05119999999999997, 138.7416, 2, 0.5, 0]
[-0.3432, -0.05119999999999997, 138.7416, 2, 0.5, 0]
[-0.3422, -0.05119999999999997, 138.7416, 2, 0.5, 0]
[-0.3412, -0.05119999999999997, 138.7416, 2, 0.5, 0]
[-0.3402, -0.05119999999999997, 138.7416, 2, 0.5, 0]
[-0.3392, -0.05119999999999997, 138.7416, 2, 0.5, 0]
[-0.3382, -0.05119999999999997, 138.7416, 2, 0.5, 0]
[-0.3372, -0.05119999999999997, 138.7416, 2, 0.5, 0]
[-0.3362, -0.05119999999999997, 138.7416, 2, 0.5, 0]
[-0.3352, -0.05119999999999997, 138.7416, 2, 0.5, 0]
[-0.3342, -0.05119999999999997, 138.7416, 2, 0.5, 0]
[-0.3332, -0.05119999999999997, 138.7416, 2, 0.5, 0]
[-0.3322, -0.05119999999999997, 138.7416, 2, 0.5, 0]
[-0.3312, -0.05119999999999997, 138.7416, 2, 0.5, 0]
[-0.3302, -0.05119999999999997, 138.7416, 2, 0.5, 0]
[-0.3292, -0.05119999999999997, 138.7416, 2, 0.5, 0]
[-0.3282, -0.05119999999999997, 138.7416, 2, 0.5, 0]
[-0.3272, -0.05119999999999997, 138.7416, 2, 0.5, 0]
[-0.3672, -0.05019999999999997, 138.7416, 2, 0.5, 0]
[-0.3662, -0.05019999999999997, 138.7416, 2, 0.5, 0]
[-0.3652, -0.05019999999999997, 138.7416, 2, 0.5, 0]
[-0.3642, -0.05019999999999997, 138.7416, 2, 0.5, 0]
[-0.3632, -0.05019999999999997, 138.7416, 2, 0.5, 0]
[-0.3622, -0.05019999999999997, 138.7416, 2, 0.5, 0]
[-0.3612, -0.05019999999999997, 138.7416, 2, 0.5, 0]
[-0.3602, -0.05019999999999997, 138.7416, 2, 0.5, 0]
[-0.3592, -0.05019999999999997, 138.7416, 2, 0.5, 0]
[-0.3582, -0.05019999999999997, 138.7416, 2, 0.5, 0]
[-0.3572, -0.05019999999999997, 138.7416, 2, 0.5, 0]
[-0.3562, -0.05019999999999997, 138.7416, 2, 0.5, 0]
[-0.3552, -0.05019999999999997, 138.7416, 2, 0.5, 0]
[-0.3542, -0.05019999999999997, 138.7416, 2, 0.5, 0]
[-0.3532, -0.05019999999999997, 138.7416, 2, 0.5, 0]
[-0.3522, -0.05019999999999997, 138.7416, 2, 0.5, 0]
[-0.3512, -0.05019999999999997, 138.7416, 2, 0.5, 0]
[-0.3502, -0.05019999999999997, 138.7416, 2, 0.5, 0]
[-0.3492, -0.05019999999999997, 138.7416, 2, 0.5, 0]
[-0.3482, -0.05019999999999997, 138.7416, 2, 0.5, 0]
[-0.3472, -0.05019999999999997, 138.7416, 2, 0.5, 0]
[-0.3462, -0.05019999999999997, 138.7416, 2, 0.5, 0]
[-0.3452, -0.05019999999999997, 138.7416, 2, 0.5, 0]
[-0.3442, -0.05019999999999997, 138.7416, 2, 0.5, 0]
[-0.3432, -0.05019999999999997, 138.7416, 2, 0.5, 0]
[-0.3422, -0.05019999999999997, 138.7416, 2, 0.5, 0]
[-0.3412, -0.05019999999999997, 138.7416, 2, 0.5, 0]
[-0.3402, -0.05019999999999997, 138.7416, 2, 0.5, 0]
[-0.3392, -0.05019999999999997, 138.7416, 2, 0.5, 0]
[-0.3382, -0.05019999999999997, 138.7416, 2, 0.5, 0]
[-0.3372, -0.05019999999999997, 138.7416, 2, 0.5, 0]
[-0.3362, -0.05019999999999997, 138.7416, 2, 0.5, 0]
[-0.3352, -0.05019999999999997, 138.7416, 2, 0.5, 0]
[-0.3342, -0.05019999999999997, 138.7416, 2, 0.5, 0]
[-0.3332, -0.05019999999999997, 138.7416, 2, 0.5, 0]
[-0.3322, -0.05019999999999997, 138.7416, 2, 0.5, 0]
[-0.3312, -0.05019999999999997, 138.7416, 2, 0.5, 0]
[-0.3302, -0.05019999999999997, 138.7416, 2, 0.5, 0]
[-0.3292, -0.05019999999999997, 138.7416, 2, 0.5, 0]
[-0.3282, -0.05019999999999997, 138.7416, 2, 0.5, 0]
[-0.3272, -0.05019999999999997, 138.7416, 2, 0.5, 0]
[-0.3672, -0.049199999999999966, 138.7416, 2, 0.5, 0]
[-0.3662, -0.049199999999999966, 138.7416, 2, 0.5, 0]
[-0.3652, -0.049199999999999966, 138.7416, 2, 0.5, 0]
[-0.3642, -0.049199999999999966, 138.7416, 2, 0.5, 0]
[-0.3632, -0.049199999999999966, 138.7416, 2, 0.5, 0]
[-0.3622, -0.049199999999999966, 138.7416, 2, 0.5, 0]
[-0.3612, -0.049199999999999966, 138.7416, 2, 0.5, 0]
[-0.3602, -0.049199999999999966, 138.7416, 2, 0.5, 0]
[-0.3592, -0.049199999999999966, 138.7416, 2, 0.5, 0]
[-0.3582, -0.049199999999999966, 138.7416, 2, 0.5, 0]
[-0.3572, -0.049199999999999966, 138.7416, 2, 0.5, 0]
[-0.3562, -0.049199999999999966, 138.7416, 2, 0.5, 0]
[-0.3552, -0.049199999999999966, 138.7416, 2, 0.5, 0]
[-0.3542, -0.049199999999999966, 138.7416, 2, 0.5, 0]
[-0.3532, -0.049199999999999966, 138.7416, 2, 0.5, 0]
[-0.3522, -0.049199999999999966, 138.7416, 2, 0.5, 0]
[-0.3512, -0.049199999999999966, 138.7416, 2, 0.5, 0]
[-0.3502, -0.049199999999999966, 138.7416, 2, 0.5, 0]
[-0.3492, -0.049199999999999966, 138.7416, 2, 0.5, 0]
[-0.3482, -0.049199999999999966, 138.7416, 2, 0.5, 0]
[-0.3472, -0.049199999999999966, 138.7416, 2, 0.5, 0]
[-0.3462, -0.049199999999999966, 138.7416, 2, 0.5, 0]
[-0.3452, -0.049199999999999966, 138.7416, 2, 0.5, 0]
[-0.3442, -0.049199999999999966, 138.7416, 2, 0.5, 0]
[-0.3432, -0.049199999999999966, 138.7416, 2, 0.5, 0]
[-0.3422, -0.049199999999999966, 138.7416, 2, 0.5, 0]
[-0.3412, -0.049199999999999966, 138.7416, 2, 0.5, 0]
[-0.3402, -0.049199999999999966, 138.7416, 2, 0.5, 0]
[-0.3392, -0.049199999999999966, 138.7416, 2, 0.5, 0]
[-0.3382, -0.049199999999999966, 138.7416, 2, 0.5, 0]
[-0.3372, -0.049199999999999966, 138.7416, 2, 0.5, 0]
[-0.3362, -0.049199999999999966, 138.7416, 2, 0.5, 0]
[-0.3352, -0.049199999999999966, 138.7416, 2, 0.5, 0]
[-0.3342, -0.049199999999999966, 138.7416, 2, 0.5, 0]
[-0.3332, -0.049199999999999966, 138.7416, 2, 0.5, 0]
[-0.3322, -0.049199999999999966, 138.7416, 2, 0.5, 0]
[-0.3312, -0.049199999999999966, 138.7416, 2, 0.5, 0]
[-0.3302, -0.049199999999999966, 138.7416, 2, 0.5, 0]
[-0.3292, -0.049199999999999966, 138.7416, 2, 0.5, 0]
[-0.3282, -0.049199999999999966, 138.7416, 2, 0.5, 0]
[-0.3272, -0.049199999999999966, 138.7416, 2, 0.5, 0]
[-0.3672, -0.048199999999999965, 138.7416, 2, 0.5, 0]
[-0.3662, -0.048199999999999965, 138.7416, 2, 0.5, 0]
[-0.3652, -0.048199999999999965, 138.7416, 2, 0.5, 0]
[-0.3642, -0.048199999999999965, 138.7416, 2, 0.5, 0]
[-0.3632, -0.048199999999999965, 138.7416, 2, 0.5, 0]
[-0.3622, -0.048199999999999965, 138.7416, 2, 0.5, 0]
[-0.3612, -0.048199999999999965, 138.7416, 2, 0.5, 0]
[-0.3602, -0.048199999999999965, 138.7416, 2, 0.5, 0]
[-0.3592, -0.048199999999999965, 138.7416, 2, 0.5, 0]
[-0.3582, -0.048199999999999965, 138.7416, 2, 0.5, 0]
[-0.3572, -0.048199999999999965, 138.7416, 2, 0.5, 0]
[-0.3562, -0.048199999999999965, 138.7416, 2, 0.5, 0]
[-0.3552, -0.048199999999999965, 138.7416, 2, 0.5, 0]
[-0.3542, -0.048199999999999965, 138.7416, 2, 0.5, 0]
[-0.3532, -0.048199999999999965, 138.7416, 2, 0.5, 0]
[-0.3522, -0.048199999999999965, 138.7416, 2, 0.5, 0]
[-0.3512, -0.048199999999999965, 138.7416, 2, 0.5, 0]
[-0.3502, -0.048199999999999965, 138.7416, 2, 0.5, 0]
[-0.3492, -0.048199999999999965, 138.7416, 2, 0.5, 0]
[-0.3482, -0.048199999999999965, 138.7416, 2, 0.5, 0]
[-0.3472, -0.048199999999999965, 138.7416, 2, 0.5, 0]
[-0.3462, -0.048199999999999965, 138.7416, 2, 0.5, 0]
[-0.3452, -0.048199999999999965, 138.7416, 2, 0.5, 0]
[-0.3442, -0.048199999999999965, 138.7416, 2, 0.5, 0]
[-0.3432, -0.048199999999999965, 138.7416, 2, 0.5, 0]
[-0.3422, -0.048199999999999965, 138.7416, 2, 0.5, 0]
[-0.3412, -0.048199999999999965, 138.7416, 2, 0.5, 0]
[-0.3402, -0.048199999999999965, 138.7416, 2, 0.5, 0]
[-0.3392, -0.048199999999999965, 138.7416, 2, 0.5, 0]
[-0.3382, -0.048199999999999965, 138.7416, 2, 0.5, 0]
[-0.3372, -0.048199999999999965, 138.7416, 2, 0.5, 0]
[-0.3362, -0.048199999999999965, 138.7416, 2, 0.5, 0]
[-0.3352, -0.048199999999999965, 138.7416, 2, 0.5, 0]
[-0.3342, -0.048199999999999965, 138.7416, 2, 0.5, 0]
[-0.3332, -0.048199999999999965, 138.7416, 2, 0.5, 0]
[-0.3322, -0.048199999999999965, 138.7416, 2, 0.5, 0]
[-0.3312, -0.048199999999999965, 138.7416, 2, 0.5, 0]
[-0.3302, -0.048199999999999965, 138.7416, 2, 0.5, 0]
[-0.3292, -0.048199999999999965, 138.7416, 2, 0.5, 0]
[-0.3282, -0.048199999999999965, 138.7416, 2, 0.5, 0]
[-0.3272, -0.048199999999999965, 138.7416, 2, 0.5, 0]
[-0.3672, -0.047199999999999964, 138.7416, 2, 0.5, 0]
[-0.3662, -0.047199999999999964, 138.7416, 2, 0.5, 0]
[-0.3652, -0.047199999999999964, 138.7416, 2, 0.5, 0]
[-0.3642, -0.047199999999999964, 138.7416, 2, 0.5, 0]
[-0.3632, -0.047199999999999964, 138.7416, 2, 0.5, 0]
[-0.3622, -0.047199999999999964, 138.7416, 2, 0.5, 0]
[-0.3612, -0.047199999999999964, 138.7416, 2, 0.5, 0]
[-0.3602, -0.047199999999999964, 138.7416, 2, 0.5, 0]
[-0.3592, -0.047199999999999964, 138.7416, 2, 0.5, 0]
[-0.3582, -0.047199999999999964, 138.7416, 2, 0.5, 0]
[-0.3572, -0.047199999999999964, 138.7416, 2, 0.5, 0]
[-0.3562, -0.047199999999999964, 138.7416, 2, 0.5, 0]
[-0.3552, -0.047199999999999964, 138.7416, 2, 0.5, 0]
[-0.3542, -0.047199999999999964, 138.7416, 2, 0.5, 0]
[-0.3532, -0.047199999999999964, 138.7416, 2, 0.5, 0]
[-0.3522, -0.047199999999999964, 138.7416, 2, 0.5, 0]
[-0.3512, -0.047199999999999964, 138.7416, 2, 0.5, 0]
[-0.3502, -0.047199999999999964, 138.7416, 2, 0.5, 0]
[-0.3492, -0.047199999999999964, 138.7416, 2, 0.5, 0]
[-0.3482, -0.047199999999999964, 138.7416, 2, 0.5, 0]
[-0.3472, -0.047199999999999964, 138.7416, 2, 0.5, 0]
[-0.3462, -0.047199999999999964, 138.7416, 2, 0.5, 0]
[-0.3452, -0.047199999999999964, 138.7416, 2, 0.5, 0]
[-0.3442, -0.047199999999999964, 138.7416, 2, 0.5, 0]
[-0.3432, -0.047199999999999964, 138.7416, 2, 0.5, 0]
[-0.3422, -0.047199999999999964, 138.7416, 2, 0.5, 0]
[-0.3412, -0.047199999999999964, 138.7416, 2, 0.5, 0]
[-0.3402, -0.047199999999999964, 138.7416, 2, 0.5, 0]
[-0.3392, -0.047199999999999964, 138.7416, 2, 0.5, 0]
[-0.3382, -0.047199999999999964, 138.7416, 2, 0.5, 0]
[-0.3372, -0.047199999999999964, 138.7416, 2, 0.5, 0]
[-0.3362, -0.047199999999999964, 138.7416, 2, 0.5, 0]
[-0.3352, -0.047199999999999964, 138.7416, 2, 0.5, 0]
[-0.3342, -0.047199999999999964, 138.7416, 2, 0.5, 0]
[-0.3332, -0.047199999999999964, 138.7416, 2, 0.5, 0]
[-0.3322, -0.047199999999999964, 138.7416, 2, 0.5, 0]
[-0.3312, -0.047199999999999964, 138.7416, 2, 0.5, 0]
[-0.3302, -0.047199999999999964, 138.7416, 2, 0.5, 0]
[-0.3292, -0.047199999999999964, 138.7416, 2, 0.5, 0]
[-0.3282, -0.047199999999999964, 138.7416, 2, 0.5, 0]
[-0.3272, -0.047199999999999964, 138.7416, 2, 0.5, 0]
[-0.3672, -0.04619999999999996, 138.7416, 2, 0.5, 0]
[-0.3662, -0.04619999999999996, 138.7416, 2, 0.5, 0]
[-0.3652, -0.04619999999999996, 138.7416, 2, 0.5, 0]
[-0.3642, -0.04619999999999996, 138.7416, 2, 0.5, 0]
[-0.3632, -0.04619999999999996, 138.7416, 2, 0.5, 0]
[-0.3622, -0.04619999999999996, 138.7416, 2, 0.5, 0]
[-0.3612, -0.04619999999999996, 138.7416, 2, 0.5, 0]
[-0.3602, -0.04619999999999996, 138.7416, 2, 0.5, 0]
[-0.3592, -0.04619999999999996, 138.7416, 2, 0.5, 0]
[-0.3582, -0.04619999999999996, 138.7416, 2, 0.5, 0]
[-0.3572, -0.04619999999999996, 138.7416, 2, 0.5, 0]
[-0.3562, -0.04619999999999996, 138.7416, 2, 0.5, 0]
[-0.3552, -0.04619999999999996, 138.7416, 2, 0.5, 0]
[-0.3542, -0.04619999999999996, 138.7416, 2, 0.5, 0]
[-0.3532, -0.04619999999999996, 138.7416, 2, 0.5, 0]
[-0.3522, -0.04619999999999996, 138.7416, 2, 0.5, 0]
[-0.3512, -0.04619999999999996, 138.7416, 2, 0.5, 0]
[-0.3502, -0.04619999999999996, 138.7416, 2, 0.5, 0]
[-0.3492, -0.04619999999999996, 138.7416, 2, 0.5, 0]
[-0.3482, -0.04619999999999996, 138.7416, 2, 0.5, 0]
[-0.3472, -0.04619999999999996, 138.7416, 2, 0.5, 0]
[-0.3462, -0.04619999999999996, 138.7416, 2, 0.5, 0]
[-0.3452, -0.04619999999999996, 138.7416, 2, 0.5, 0]
[-0.3442, -0.04619999999999996, 138.7416, 2, 0.5, 0]
[-0.3432, -0.04619999999999996, 138.7416, 2, 0.5, 0]
[-0.3422, -0.04619999999999996, 138.7416, 2, 0.5, 0]
[-0.3412, -0.04619999999999996, 138.7416, 2, 0.5, 0]
[-0.3402, -0.04619999999999996, 138.7416, 2, 0.5, 0]
[-0.3392, -0.04619999999999996, 138.7416, 2, 0.5, 0]
[-0.3382, -0.04619999999999996, 138.7416, 2, 0.5, 0]
[-0.3372, -0.04619999999999996, 138.7416, 2, 0.5, 0]
[-0.3362, -0.04619999999999996, 138.7416, 2, 0.5, 0]
[-0.3352, -0.04619999999999996, 138.7416, 2, 0.5, 0]
[-0.3342, -0.04619999999999996, 138.7416, 2, 0.5, 0]
[-0.3332, -0.04619999999999996, 138.7416, 2, 0.5, 0]
[-0.3322, -0.04619999999999996, 138.7416, 2, 0.5, 0]
[-0.3312, -0.04619999999999996, 138.7416, 2, 0.5, 0]
[-0.3302, -0.04619999999999996, 138.7416, 2, 0.5, 0]
[-0.3292, -0.04619999999999996, 138.7416, 2, 0.5, 0]
[-0.3282, -0.04619999999999996, 138.7416, 2, 0.5, 0]
[-0.3272, -0.04619999999999996, 138.7416, 2, 0.5, 0]
